 Searching("Cgp", genome(vstupy=6, sloupce=5, radky=6), populace=1200, generaci=1200, maximalniPocetZmenJednohoJedince=16).simpleEvolve()
chromozom si lze prohlednout pomoci: http://www.fit.vutbr.cz/~vasicek/cgp/

booleanBentFunctionCgpGenome: fitness = bentScore
convergence: 1
8 best results: fitness min/avg/max/mdev : 64/64/64/0
Fit	Bent	SAC	LpMax	DpMax	Bij	BF	Chromozome
64	64	0	1	0.5	0	1	{6,1,5,6,2,1,5}([6]3,1,8)([7]3,4,8)([8]0,4,1)([9]2,5,0)([10]3,0,3)([11]0,1,7)([12]3,9,2)([13]6,6,8)([14]11,7,3)([15]10,7,6)([16]2,5,8)([17]5,3,5)([18]14,4,4)([19]17,13,5)([20]12,5,7)([21]14,3,8)([22]16,14,3)([23]12,15,5)([24]21,5,2)([25]2,5,8)([26]3,19,1)([27]3,23,7)([28]23,18,3)([29]23,23,6)([30]2,5,4)([31]24,2,2)([32]29,2,4)([33]27,26,1)([34]24,5,7)([35]5,2,8)(22)

64	64	0	1	0.5	0	1	{6,1,5,6,2,1,5}([6]3,1,8)([7]3,4,8)([8]0,4,1)([9]2,5,8)([10]3,0,3)([11]0,1,7)([12]3,9,2)([13]6,6,8)([14]11,7,3)([15]10,7,6)([16]2,5,8)([17]5,3,5)([18]5,4,4)([19]17,13,7)([20]5,5,7)([21]14,3,8)([22]16,14,3)([23]12,15,5)([24
]21,5,2)([25]2,20,7)([26]20,19,1)([27]3,23,7)([28]3,18,3)([29]23,23,6)([30]2,5,4)([31]24,2,2)([32]29,29,4)([33]27,26,1)([34]5,5,7)([35]5,2,8)(22)

64	64	0	1	0.5	0	1	{6,1,5,6,2,1,5}([6]3,1,8)([7]3,4,8)([8]0,1,1)([9]2,5,0)([10]3,0,3)([11]0,1,7)([12]3,9,2)([13]6,6,8)([14]11,7,3)([15]10,7,6)([16]2,5,8)([17]5,3,5)([18]14,4,4)([19]17,13,5)([20]5,5,7)([21]14,3,8)([22]16,14,3)([23]12,15,5)([2
4]21,5,2)([25]2,5,7)([26]20,19,1)([27]3,23,7)([28]3,18,3)([29]23,3,6)([30]2,5,4)([31]24,2,2)([32]29,2,4)([33]27,26,1)([34]5,5,7)([35]5,2,8)(22)

64	64	0	1	0.5	0	1	{6,1,5,6,2,1,5}([6]3,1,8)([7]3,4,8)([8]0,4,1)([9]2,3,0)([10]3,0,3)([11]0,1,7)([12]3,9,2)([13]6,6,8)([14]11,7,3)([15]10,7,6)([16]2,5,8)([17]5,3,5)([18]1,4,4)([19]17,16,5)([20]15,5,7)([21]14,3,0)([22]16,14,3)([23]12,15,5)([2
4]21,5,2)([25]2,5,7)([26]20,19,1)([27]3,23,7)([28]3,23,3)([29]23,23,6)([30]2,5,4)([31]24,2,2)([32]29,2,4)([33]29,26,1)([34]5,5,7)([35]2,2,8)(22)

64	64	0	1	0.5	0	1	{6,1,5,6,2,1,5}([6]3,1,8)([7]3,4,8)([8]0,4,2)([9]2,5,0)([10]3,4,3)([11]0,1,7)([12]3,9,2)([13]6,6,8)([14]11,7,3)([15]10,7,6)([16]2,5,8)([17]5,9,5)([18]14,4,4)([19]17,2,5)([20]5,1,8)([21]14,3,8)([22]16,14,3)([23]12,15,5)([24
]21,20,2)([25]2,5,7)([26]20,19,8)([27]5,23,7)([28]0,18,3)([29]23,23,0)([30]2,5,4)([31]24,2,2)([32]29,2,3)([33]27,26,1)([34]5,5,7)([35]5,28,8)(22)

64	64	0	1	0.5	0	1	{6,1,5,6,2,1,5}([6]3,1,8)([7]3,4,8)([8]0,1,1)([9]2,5,7)([10]3,0,3)([11]0,1,7)([12]3,9,2)([13]6,6,8)([14]11,7,3)([15]10,7,6)([16]2,5,8)([17]5,3,5)([18]14,4,4)([19]17,13,5)([20]5,5,7)([21]14,3,8)([22]16,14,3)([23]12,15,5)([2
4]21,5,2)([25]2,5,7)([26]20,19,1)([27]3,23,7)([28]3,18,3)([29]23,23,6)([30]2,2,4)([31]24,2,2)([32]29,2,4)([33]27,26,1)([34]5,5,7)([35]5,2,8)(22)

64	64	0	1	0.5	0	1	{6,1,5,6,2,1,5}([6]3,1,8)([7]3,4,8)([8]0,4,1)([9]2,5,0)([10]3,0,3)([11]0,1,7)([12]3,9,4)([13]6,6,8)([14]11,7,3)([15]10,7,6)([16]2,5,8)([17]5,3,5)([18]14,4,4)([19]17,3,5)([20]5,5,7)([21]14,3,8)([22]16,14,3)([23]12,15,5)([24
]21,5,2)([25]2,5,7)([26]20,19,1)([27]3,23,7)([28]3,18,3)([29]23,23,6)([30]2,5,4)([31]24,2,2)([32]29,2,4)([33]27,26,1)([34]5,24,7)([35]5,2,8)(22)

64	64	0	1	0.5	0	1	{6,1,5,6,2,1,5}([6]3,1,8)([7]3,4,8)([8]0,4,1)([9]2,5,0)([10]3,0,3)([11]0,1,7)([12]3,9,2)([13]6,6,8)([14]11,7,3)([15]10,7,6)([16]2,5,8)([17]5,3,5)([18]14,4,4)([19]17,13,5)([20]5,5,7)([21]14,3,8)([22]16,14,3)([23]12,15,5)([2
4]21,5,2)([25]2,5,7)([26]20,19,1)([27]3,23,7)([28]3,18,3)([29]23,23,6)([30]2,5,4)([31]24,2,2)([32]29,2,4)([33]27,26,1)([34]5,5,7)([35]5,2,8)(22)


booleanDPMaxFunctionCgpGenome: fitness = 1 - dpMax
convergence: 1
8 best results: fitness min/avg/max/mdev : 0.5/0.5/0.5/0
Fit	Bent	SAC	LpMax	DpMax	Bij	BF	Chromozome
0.5	64	0	1	0.5	0	1	{6,1,5,6,2,1,7}([6]3,0,4)([7]2,5,2)([8]1,5,7)([9]2,0,4)([10]0,3,2)([11]1,4,2)([12]11,7,3)([13]10,11,6)([14]0,2,4)([15]4,4,1)([16]4,6,6)([17]7,10,5)([18]15,12,5)([19]17,12,3)([20]14,2,4)([21]15,15,0)([22]13,1,8)([23]5,17,2
)([24]18,22,1)([25]20,19,3)([26]3,19,3)([27]18,5,5)([28]18,0,8)([29]2,22,1)([30]3,5,3)([31]3,0,7)([32]29,4,8)([33]5,5,7)([34]4,27,4)([35]4,5,6)(26)

0.5	64	0	1	0.5	0	1	{6,1,5,6,2,1,7}([6]3,0,4)([7]2,5,2)([8]1,5,7)([9]0,0,4)([10]0,3,2)([11]1,4,2)([12]11,7,3)([13]10,11,6)([14]0,2,4)([15]11,4,1)([16]4,6,6)([17]7,10,5)([18]15,12,5)([19]17,12,3)([20]14,2,4)([21]15,15,2)([22]13,1,8)([23]5,17,
2)([24]18,22,1)([25]20,19,2)([26]3,19,3)([27]18,5,5)([28]18,0,8)([29]2,22,1)([30]2,5,3)([31]2,0,7)([32]29,4,8)([33]5,5,7)([34]4,29,4)([35]4,5,6)(26)

0.5	64	0	1	0.5	0	1	{6,1,5,6,2,1,7}([6]4,0,4)([7]2,5,2)([8]1,5,7)([9]0,0,4)([10]0,3,2)([11]1,4,2)([12]11,7,3)([13]10,11,6)([14]0,2,4)([15]4,4,8)([16]4,6,6)([17]7,10,5)([18]15,12,5)([19]17,12,3)([20]14,2,4)([21]15,15,2)([22]13,1,8)([23]5,17,2
)([24]18,22,1)([25]20,2,8)([26]3,19,3)([27]18,5,5)([28]18,0,8)([29]2,3,1)([30]3,5,3)([31]3,0,7)([32]29,4,8)([33]5,5,7)([34]4,27,4)([35]4,5,6)(26)

0.5	64	0	1	0.5	0	1	{6,1,5,6,2,1,7}([6]4,0,4)([7]2,5,2)([8]1,5,7)([9]0,0,4)([10]0,3,2)([11]1,4,2)([12]11,7,3)([13]10,11,6)([14]0,2,4)([15]4,4,1)([16]0,6,6)([17]7,10,5)([18]15,12,5)([19]17,12,3)([20]14,5,3)([21]15,15,2)([22]13,1,8)([23]5,17,2
)([24]18,22,1)([25]20,19,2)([26]3,19,3)([27]18,5,5)([28]18,0,3)([29]21,22,1)([30]25,5,3)([31]3,26,7)([32]29,4,8)([33]5,5,7)([34]4,27,0)([35]4,5,6)(26)

0.5	64	0	1	0.5	0	1	{6,1,5,6,2,1,7}([6]3,0,4)([7]2,5,2)([8]1,5,7)([9]0,0,4)([10]0,3,2)([11]1,4,2)([12]11,7,3)([13]10,11,6)([14]0,2,4)([15]4,4,1)([16]4,6,6)([17]7,10,5)([18]15,12,5)([19]17,12,3)([20]14,2,4)([21]15,15,2)([22]13,1,8)([23]5,17,2
)([24]18,22,1)([25]20,2,8)([26]3,19,3)([27]18,5,5)([28]18,0,8)([29]2,22,1)([30]3,5,3)([31]3,0,7)([32]29,4,8)([33]5,5,7)([34]4,27,4)([35]4,5,6)(26)

0.5	64	0	1	0.5	0	1	{6,1,5,6,2,1,7}([6]3,0,4)([7]2,5,2)([8]1,5,7)([9]0,0,4)([10]0,3,2)([11]1,4,2)([12]11,7,3)([13]10,11,6)([14]0,2,4)([15]4,4,1)([16]4,6,7)([17]7,10,5)([18]15,12,5)([19]17,12,3)([20]14,2,4)([21]15,15,2)([22]13,1,8)([23]5,17,2
)([24]18,22,1)([25]20,19,8)([26]3,19,3)([27]18,5,5)([28]18,0,8)([29]2,22,1)([30]3,5,3)([31]3,0,7)([32]29,4,8)([33]5,5,7)([34]4,27,4)([35]4,5,6)(26)

0.5	64	0	1	0.5	0	1	{6,1,5,6,2,1,7}([6]3,0,4)([7]2,5,2)([8]1,5,7)([9]0,0,4)([10]0,3,2)([11]1,4,2)([12]11,7,3)([13]10,11,6)([14]0,2,4)([15]4,4,1)([16]4,6,6)([17]7,10,5)([18]15,12,5)([19]17,12,3)([20]14,16,4)([21]15,13,2)([22]13,1,8)([23]5,17,
2)([24]18,22,1)([25]20,19,8)([26]3,19,3)([27]18,5,5)([28]18,0,8)([29]2,22,1)([30]3,5,8)([31]3,0,7)([32]29,28,8)([33]5,5,7)([34]4,27,4)([35]4,5,6)(26)

0.5	64	0	1	0.5	0	1	{6,1,5,6,2,1,7}([6]3,0,4)([7]2,5,2)([8]1,5,7)([9]0,0,4)([10]0,3,2)([11]1,4,2)([12]11,7,3)([13]10,11,6)([14]0,2,4)([15]4,4,1)([16]4,6,6)([17]7,10,5)([18]15,12,5)([19]17,12,3)([20]14,2,4)([21]15,15,2)([22]13,1,8)([23]5,17,2
)([24]18,22,1)([25]20,19,8)([26]3,19,3)([27]18,5,5)([28]18,0,8)([29]2,22,1)([30]3,5,3)([31]3,0,7)([32]29,4,8)([33]5,5,7)([34]4,27,4)([35]4,5,6)(26)


Exited with status: 0

