booleanBentFunctionCgpGenome
convergence: 1
8 best results: fitness min/avg/max/mdev : 256/256/256/0
Fit	Bent	SAC	LpMax	DpMax	Bij	BF	Chromozome
256	256	0	1	0.5	0	1	{8,1,7,8,2,1,15}([8]1,6,6)([9]3,5,4)([10]5,6,3)([11]5,7,8)([12]7,1,2)([13]1,3,2)([14]7,2,0)([15]6,3,5)([16]1,0,3)([17]8,7,5)([18]10,8,0)([19]9,8,5)([20]14,9,6)([21]2,0,2)([22]11,7,6)([23]1,13,4)([24]7,1,3)([25]18,5,0)([2
6]21,21,8)([27]0,18,5)([28]19,0,7)([29]20,19,3)([30]1,7,5)([31]19,5,2)([32]4,25,2)([33]2,28,5)([34]3,26,8)([35]3,25,7)([36]26,29,3)([37]26,4,4)([38]30,28,3)([39]5,24,0)([40]2,5,1)([41]5,39,5)([42]33,33,4)([43]35,1,4)([44]4,5,4)([45]32,36,3)
([46]3,3,8)([47]37,36,8)([48]43,40,8)([49]7,6,2)([50]43,46,1)([51]45,0,3)([52]6,43,5)([53]44,2,8)([54]44,41,0)([55]42,0,0)([56]50,49,1)([57]2,5,2)([58]4,5,1)([59]7,4,5)([60]54,3,2)([61]2,7,1)([62]49,54,0)([63]2,53,0)(51)

256	256	0	1	0.5	0	1	{8,1,7,8,2,1,15}([8]1,6,6)([9]3,5,4)([10]5,6,3)([11]5,7,8)([12]7,1,2)([13]1,3,2)([14]7,2,0)([15]6,3,5)([16]1,0,3)([17]8,7,5)([18]10,8,0)([19]9,8,5)([20]14,9,6)([21]2,0,2)([22]11,7,6)([23]1,13,4)([24]7,1,3)([25]18,5,0)([2
6]21,21,8)([27]0,18,5)([28]19,0,7)([29]20,19,3)([30]1,7,5)([31]19,5,2)([32]4,25,2)([33]2,28,5)([34]3,26,8)([35]3,25,6)([36]26,29,3)([37]26,4,4)([38]30,28,3)([39]5,24,0)([40]2,5,1)([41]5,39,5)([42]33,33,4)([43]35,1,4)([44]4,5,4)([45]32,36,3)
([46]3,3,8)([47]37,36,8)([48]43,40,8)([49]7,6,2)([50]43,46,1)([51]45,0,3)([52]6,43,5)([53]44,2,8)([54]44,41,0)([55]42,0,2)([56]50,49,1)([57]2,5,2)([58]4,5,1)([59]7,4,5)([60]54,3,2)([61]2,7,1)([62]49,54,0)([63]2,53,0)(51)

256	256	0	1	0.5	0	1	{8,1,7,8,2,1,14}([8]1,6,6)([9]3,5,4)([10]5,6,3)([11]6,7,8)([12]7,1,2)([13]1,3,2)([14]7,2,0)([15]6,3,5)([16]1,0,3)([17]8,7,5)([18]5,8,0)([19]9,8,5)([20]14,9,6)([21]2,0,2)([22]11,7,6)([23]1,13,4)([24]7,1,3)([25]18,5,0)([26
]21,21,8)([27]0,18,4)([28]19,0,7)([29]20,19,3)([30]1,7,5)([31]19,5,2)([32]4,25,2)([33]2,28,5)([34]3,26,8)([35]3,25,6)([36]26,29,3)([37]26,4,4)([38]30,28,3)([39]5,24,0)([40]2,5,1)([41]5,39,5)([42]33,33,4)([43]35,1,4)([44]4,5,1)([45]32,36,3)(
[46]3,3,8)([47]37,36,8)([48]43,40,8)([49]7,6,2)([50]43,46,1)([51]45,0,3)([52]6,43,5)([53]44,2,8)([54]44,41,0)([55]42,0,0)([56]50,49,1)([57]2,5,2)([58]4,49,1)([59]7,48,5)([60]54,3,2)([61]2,7,1)([62]49,0,4)([63]2,53,0)(51)

256	256	0	1	0.5	0	1	{8,1,7,8,2,1,15}([8]1,6,6)([9]3,5,4)([10]5,6,3)([11]5,7,8)([12]7,1,2)([13]1,3,2)([14]7,2,0)([15]6,3,5)([16]8,0,3)([17]8,7,5)([18]10,8,0)([19]9,8,5)([20]14,9,6)([21]2,0,2)([22]11,7,6)([23]1,13,4)([24]7,1,3)([25]18,5,0)([2
6]21,21,8)([27]0,18,5)([28]19,0,6)([29]20,19,3)([30]1,7,5)([31]19,5,2)([32]4,25,2)([33]2,28,1)([34]3,26,8)([35]3,25,6)([36]26,29,3)([37]26,4,4)([38]30,28,3)([39]5,24,0)([40]2,5,1)([41]5,39,5)([42]33,33,4)([43]35,1,4)([44]4,5,4)([45]32,36,3)
([46]3,3,8)([47]37,36,8)([48]43,40,8)([49]7,6,2)([50]43,46,1)([51]45,0,3)([52]6,43,5)([53]44,2,8)([54]44,5,0)([55]42,0,0)([56]50,49,5)([57]2,5,2)([58]4,55,1)([59]7,4,5)([60]52,3,2)([61]2,7,1)([62]49,54,0)([63]2,53,0)(51)

256	256	0	1	0.5	0	1	{8,1,7,8,2,1,15}([8]1,6,6)([9]3,5,4)([10]5,6,3)([11]5,7,8)([12]7,1,2)([13]1,3,2)([14]7,2,0)([15]6,3,5)([16]1,0,3)([17]8,7,5)([18]10,8,0)([19]9,8,5)([20]14,9,6)([21]2,0,2)([22]11,7,6)([23]1,13,4)([24]7,1,3)([25]18,5,0)([2
6]21,21,8)([27]0,18,0)([28]19,0,7)([29]20,19,3)([30]1,7,5)([31]19,5,2)([32]4,25,2)([33]2,28,5)([34]3,26,8)([35]3,25,6)([36]26,29,3)([37]26,4,4)([38]30,28,3)([39]5,24,0)([40]2,5,1)([41]5,39,5)([42]33,33,4)([43]35,1,4)([44]4,5,4)([45]32,36,3)
([46]3,3,8)([47]37,36,8)([48]43,40,8)([49]7,6,2)([50]43,46,1)([51]45,0,3)([52]6,43,5)([53]44,2,8)([54]44,41,0)([55]42,0,0)([56]50,49,1)([57]2,5,2)([58]4,5,1)([59]7,4,5)([60]54,3,2)([61]2,7,1)([62]49,54,0)([63]2,53,0)(51)

256	256	0	1	0.5	0	1	{8,1,7,8,2,1,15}([8]1,6,6)([9]3,5,4)([10]5,6,3)([11]5,7,8)([12]7,1,2)([13]1,3,6)([14]7,2,0)([15]6,3,5)([16]1,0,3)([17]8,7,5)([18]10,8,0)([19]9,8,5)([20]14,9,6)([21]2,0,2)([22]11,7,6)([23]1,13,4)([24]7,1,3)([25]18,5,0)([2
6]21,21,8)([27]0,18,5)([28]19,0,7)([29]20,19,3)([30]1,7,5)([31]19,5,2)([32]4,25,2)([33]2,28,5)([34]3,26,8)([35]3,25,6)([36]26,29,3)([37]26,4,4)([38]30,28,3)([39]5,24,0)([40]2,5,1)([41]5,39,5)([42]33,33,4)([43]35,1,4)([44]4,5,4)([45]32,36,3)
([46]3,3,8)([47]37,36,8)([48]43,40,8)([49]7,6,2)([50]43,46,2)([51]45,0,3)([52]6,43,5)([53]44,2,8)([54]44,41,0)([55]42,0,0)([56]50,49,1)([57]2,5,2)([58]4,5,1)([59]7,4,5)([60]54,3,2)([61]2,7,1)([62]49,54,0)([63]2,53,0)(51)

256	256	0	1	0.5	0	1	{8,1,7,8,2,1,15}([8]1,6,6)([9]3,5,4)([10]5,6,3)([11]5,7,8)([12]7,1,2)([13]1,3,2)([14]7,2,0)([15]6,3,5)([16]1,0,3)([17]8,7,5)([18]10,8,0)([19]9,8,5)([20]14,9,6)([21]2,0,2)([22]11,7,6)([23]1,13,4)([24]7,1,3)([25]18,5,0)([2
6]21,21,8)([27]0,18,5)([28]19,0,7)([29]20,19,3)([30]1,7,5)([31]19,5,2)([32]4,25,2)([33]2,28,5)([34]3,26,8)([35]6,25,6)([36]26,29,3)([37]26,4,4)([38]30,28,3)([39]5,24,0)([40]2,5,1)([41]5,39,5)([42]33,33,4)([43]35,1,4)([44]4,5,4)([45]32,36,3)
([46]3,3,8)([47]37,36,8)([48]43,40,8)([49]7,6,2)([50]43,46,1)([51]45,0,3)([52]6,43,5)([53]44,2,8)([54]1,41,0)([55]42,0,0)([56]50,49,1)([57]2,5,2)([58]4,5,1)([59]7,4,5)([60]54,3,2)([61]2,7,1)([62]49,54,0)([63]2,53,0)(51)

256	256	0	1	0.5	0	1	{8,1,7,8,2,1,15}([8]1,6,6)([9]3,5,4)([10]5,6,3)([11]5,7,8)([12]7,1,2)([13]1,3,2)([14]7,2,0)([15]6,3,5)([16]1,0,3)([17]8,7,5)([18]10,8,0)([19]9,8,5)([20]14,9,6)([21]2,0,2)([22]11,7,6)([23]1,13,4)([24]7,1,3)([25]18,5,0)([2
6]21,21,8)([27]0,18,5)([28]19,0,7)([29]20,19,3)([30]1,7,5)([31]19,5,2)([32]4,25,2)([33]2,28,5)([34]3,26,8)([35]3,25,6)([36]26,29,3)([37]26,4,4)([38]30,28,3)([39]5,24,0)([40]2,5,1)([41]5,39,5)([42]33,33,4)([43]35,1,4)([44]4,5,4)([45]32,36,3)
([46]3,3,8)([47]37,36,8)([48]43,40,8)([49]7,6,2)([50]43,46,1)([51]45,0,3)([52]6,43,5)([53]44,2,8)([54]44,41,0)([55]42,0,0)([56]50,49,1)([57]2,5,2)([58]4,5,1)([59]7,4,5)([60]54,3,2)([61]2,7,1)([62]49,54,0)([63]2,53,0)(51)


booleanDPMaxFunctionCgpGenome
convergence: 1
8 best results: fitness min/avg/max/mdev : 0.5/0.5/0.5/0
Fit	Bent	SAC	LpMax	DpMax	Bij	BF	Chromozome
0.5	256	0	1	0.5	0	1	{8,1,7,8,2,1,12}([8]1,1,4)([9]3,0,4)([10]2,1,0)([11]3,7,4)([12]0,2,4)([13]6,3,6)([14]7,6,1)([15]0,5,5)([16]4,4,4)([17]10,9,3)([18]5,2,3)([19]9,5,2)([20]9,14,3)([21]6,6,1)([22]2,7,3)([23]5,6,3)([24]23,4,2)([25]17,17,6)([26]22,16,6)([27]0,20,8)([28]3,4,8)([29]23,16,4)([30]6,22,0)([31]17,1,1)([32]31,0,3)([33]0,5,6)([34]4,31,8)([35]4,0,3)([36]31,24,3)([37]5,4,3)([38]27,3,0)([39]29,27,6)([40]32,32,0)([41]2,0,6)([42]37,7,2)([43]4,5,0)([44]33,7,8)([45]7,0,6)([46]36,6,0)([47]32,2,7)([48]44,5,7)([49]40,40,3)([50]3,5,2)([51]40,3,7)([52]41,2,5)([53]46,45,3)([54]45,47,7)([55]4,6,6)([56]7,0,1)([57]6,53,2)([58]49,49,7)([59]53,5,3)([60]0,55,3)([61]50,53,3)([62]2,7,2)([63]54,5,5)(61)

0.5	256	0	1	0.5	0	1	{8,1,7,8,2,1,11}([8]1,1,4)([9]3,0,4)([10]2,1,0)([11]3,7,4)([12]1,2,4)([13]6,3,6)([14]7,6,1)([15]0,5,5)([16]4,4,4)([17]10,14,8)([18]5,2,3)([19]9,5,2)([20]9,14,3)([21]6,6,1)([22]2,7,3)([23]11,6,3)([24]23,4,2)([25]17,17,6)(
[26]6,16,6)([27]0,20,8)([28]3,4,8)([29]23,16,4)([30]6,22,0)([31]18,1,1)([32]31,7,3)([33]0,28,6)([34]31,31,0)([35]4,0,1)([36]31,24,3)([37]5,4,3)([38]27,3,2)([39]7,27,6)([40]32,34,0)([41]2,0,7)([42]37,7,2)([43]4,5,0)([44]33,7,6)([45]7,0,6)([4
6]36,6,0)([47]32,2,7)([48]44,5,8)([49]40,40,3)([50]3,5,7)([51]40,7,7)([52]5,2,5)([53]46,45,3)([54]44,47,7)([55]4,6,6)([56]7,0,1)([57]6,53,2)([58]49,49,7)([59]53,5,3)([60]51,55,3)([61]50,53,3)([62]2,7,2)([63]54,54,5)(61)

0.5	256	0	1	0.5	0	1	{8,1,7,8,2,1,12}([8]1,1,4)([9]3,0,4)([10]2,1,0)([11]3,7,4)([12]1,2,4)([13]6,3,6)([14]7,6,1)([15]0,5,5)([16]4,4,4)([17]10,12,8)([18]5,2,3)([19]9,5,2)([20]9,14,3)([21]6,6,1)([22]2,7,3)([23]5,6,3)([24]23,4,2)([25]17,17,6)([
26]6,16,6)([27]0,2,8)([28]3,4,8)([29]23,16,4)([30]6,22,0)([31]17,1,1)([32]31,7,3)([33]0,5,6)([34]4,31,0)([35]4,0,8)([36]31,24,3)([37]5,4,3)([38]24,3,0)([39]29,27,6)([40]32,32,0)([41]2,39,0)([42]37,7,2)([43]4,5,1)([44]33,7,6)([45]7,0,6)([46]
36,6,0)([47]32,2,7)([48]44,5,8)([49]44,40,3)([50]3,5,7)([51]40,7,7)([52]5,2,5)([53]46,45,3)([54]44,47,2)([55]4,6,6)([56]51,0,1)([57]6,53,2)([58]52,49,7)([59]53,5,3)([60]51,55,2)([61]50,53,3)([62]2,7,2)([63]54,5,5)(61)

0.5	256	0	1	0.5	0	1	{8,1,7,8,2,1,9}([8]1,1,4)([9]3,0,4)([10]2,1,0)([11]3,7,4)([12]1,2,4)([13]6,3,6)([14]7,6,1)([15]0,5,5)([16]4,4,4)([17]10,14,8)([18]5,2,3)([19]9,5,2)([20]9,14,3)([21]6,6,1)([22]2,7,3)([23]5,6,3)([24]23,4,2)([25]17,17,6)([2
6]6,16,6)([27]0,20,8)([28]3,4,8)([29]23,16,4)([30]6,22,0)([31]2,1,1)([32]31,7,3)([33]0,5,6)([34]4,31,0)([35]4,0,8)([36]31,24,3)([37]5,4,3)([38]27,3,0)([39]29,27,6)([40]32,32,0)([41]2,0,6)([42]37,7,2)([43]4,5,0)([44]33,7,6)([45]7,0,7)([46]36
,6,0)([47]32,2,7)([48]44,5,8)([49]40,40,3)([50]3,5,7)([51]40,7,7)([52]5,2,5)([53]46,45,3)([54]44,47,7)([55]4,6,6)([56]7,0,1)([57]6,53,2)([58]49,49,7)([59]53,5,3)([60]51,55,3)([61]50,53,3)([62]2,7,2)([63]54,5,5)(61)

0.5	256	0	1	0.5	0	1	{8,1,7,8,2,1,12}([8]1,1,4)([9]3,0,4)([10]2,1,0)([11]3,7,4)([12]1,2,4)([13]6,3,6)([14]2,6,1)([15]0,5,5)([16]4,4,4)([17]10,14,8)([18]5,2,3)([19]9,5,2)([20]0,14,3)([21]6,6,1)([22]2,7,3)([23]5,6,3)([24]23,4,2)([25]17,17,6)([
26]6,16,6)([27]0,20,8)([28]3,4,8)([29]23,16,4)([30]6,22,0)([31]17,1,1)([32]31,7,3)([33]0,5,6)([34]4,31,0)([35]4,0,8)([36]31,24,3)([37]5,4,3)([38]27,3,0)([39]29,27,6)([40]32,32,0)([41]2,0,6)([42]37,39,2)([43]4,5,0)([44]33,7,6)([45]7,0,6)([46
]36,6,0)([47]32,2,7)([48]44,5,8)([49]40,40,3)([50]3,5,7)([51]40,7,7)([52]5,2,5)([53]46,45,3)([54]44,47,8)([55]4,6,6)([56]7,0,1)([57]6,53,2)([58]49,49,7)([59]53,5,3)([60]51,55,3)([61]50,53,3)([62]2,7,2)([63]54,5,5)(61)

0.5	256	0	1	0.5	0	1	{8,1,7,8,2,1,12}([8]1,1,5)([9]3,0,4)([10]2,6,0)([11]3,7,4)([12]1,2,4)([13]6,3,6)([14]7,6,1)([15]0,5,5)([16]4,4,4)([17]10,8,8)([18]5,2,3)([19]9,5,2)([20]9,14,3)([21]6,6,1)([22]2,7,3)([23]5,6,3)([24]23,4,2)([25]17,17,6)([2
6]6,16,6)([27]0,20,8)([28]3,4,8)([29]23,16,2)([30]6,22,0)([31]17,1,1)([32]31,7,3)([33]0,5,6)([34]4,31,0)([35]4,0,8)([36]31,24,3)([37]5,4,3)([38]27,3,0)([39]29,27,6)([40]32,32,0)([41]2,0,6)([42]37,7,2)([43]4,5,0)([44]33,7,6)([45]7,0,6)([46]3
6,6,0)([47]32,2,7)([48]44,5,8)([49]40,40,3)([50]3,5,7)([51]40,7,7)([52]5,2,5)([53]46,45,3)([54]44,47,7)([55]4,6,6)([56]7,0,1)([57]6,53,2)([58]49,49,7)([59]53,5,3)([60]51,55,3)([61]50,53,3)([62]2,7,2)([63]54,5,5)(61)

0.5	256	0	1	0.5	0	1	{8,1,7,8,2,1,12}([8]1,1,4)([9]3,0,4)([10]2,1,0)([11]3,7,4)([12]1,2,4)([13]6,3,0)([14]7,6,1)([15]0,5,5)([16]4,4,4)([17]10,14,3)([18]5,2,3)([19]9,5,2)([20]9,14,3)([21]1,6,1)([22]2,7,3)([23]5,6,3)([24]23,4,2)([25]17,17,6)([
26]6,16,6)([27]0,20,8)([28]3,4,8)([29]23,16,4)([30]6,22,0)([31]17,1,1)([32]31,7,3)([33]0,5,6)([34]4,31,0)([35]4,0,8)([36]31,24,3)([37]5,4,3)([38]27,3,0)([39]29,27,6)([40]32,32,0)([41]2,0,6)([42]37,7,2)([43]4,5,0)([44]33,7,6)([45]7,0,6)([46]
36,6,0)([47]32,4,7)([48]44,5,8)([49]40,40,3)([50]3,5,7)([51]40,7,7)([52]5,2,5)([53]46,45,3)([54]44,47,7)([55]4,6,6)([56]7,0,6)([57]6,53,2)([58]49,49,6)([59]53,5,3)([60]51,4,3)([61]50,53,3)([62]2,7,2)([63]54,5,5)(61)

0.5	256	0	1	0.5	0	1	{8,1,7,8,2,1,12}([8]1,1,4)([9]3,0,4)([10]2,1,0)([11]3,7,5)([12]1,2,4)([13]3,3,6)([14]7,6,1)([15]0,5,5)([16]4,4,4)([17]10,14,0)([18]5,2,3)([19]9,5,2)([20]9,14,3)([21]6,6,1)([22]2,7,3)([23]5,6,3)([24]23,4,2)([25]16,17,6)([
26]6,16,6)([27]0,20,0)([28]3,4,8)([29]23,16,4)([30]6,22,0)([31]17,1,1)([32]31,7,3)([33]0,5,6)([34]4,31,0)([35]4,0,8)([36]31,24,3)([37]1,4,3)([38]27,3,0)([39]29,27,6)([40]32,32,0)([41]2,32,6)([42]37,7,2)([43]4,5,5)([44]33,7,6)([45]7,0,6)([46
]36,6,0)([47]32,2,7)([48]44,5,8)([49]40,40,3)([50]3,5,7)([51]40,7,7)([52]5,2,5)([53]46,45,3)([54]44,47,7)([55]4,6,6)([56]7,0,1)([57]6,54,2)([58]49,49,7)([59]53,5,4)([60]51,55,3)([61]50,53,3)([62]50,7,2)([63]54,5,5)(61)


Exited with status: 0

