Vega searching with population size: 200 and generation count: 200
genome: CGP (6, 6, 6, 5, 15)
probability of mutation: 0.900000 probability of crossover: 0.000000
criterions: [BENT_AND_MOSAC, LP_MAX, DP_MAX, SAC, BF, POLYNOMIAL_DEGREE]
[ 14.     2.     1.    49.25   0.     1.     2.    12.     9.  ]
{6,6,6,5,2,1,18}([6]3,4,8)([7]0,4,6)([8]0,1,1)([9]0,1,8)([10]5,3,2)([11]8,4,2)([12]10,10,5)([13]9,10,8)([14]4,1,3)([15]10,10,0)([16]3,1,2)([17]11,14,5)([18]3,11,2)([19]13,13,1)([20]2,1,7)([21]5,17,8)([22]1,16,7)([23]18,19,6)([24]3,1,7)([25]3,17,8)([26]5,25,3)([27]21,23,5)([28]0,23,4)([29]5,0,1)([30]21,3,4)([31]5,5,3)([32]1,26,5)([33]28,30,6)([34]0,28,3)([35]27,29,3)(6,12,30,8,35,20)

[  0.   2.   2.  51.   0.   1.   2.  19.  10.]
{6,6,6,5,2,1,11}([6]3,4,4)([7]1,0,5)([8]4,3,7)([9]0,5,7)([10]4,3,5)([11]1,10,4)([12]4,2,6)([13]8,5,7)([14]2,6,7)([15]10,0,4)([16]0,11,0)([17]2,5,4)([18]2,4,6)([19]14,14,0)([20]15,3,2)([21]20,3,0)([22]20,18,3)([23]2,20,4)([24]20,0,1)([25]4,20,5)([26]2,23,2)([27]24,5,3)([28]4,21,7)([29]3,22,1)([30]1,5,8)([31]1,1,7)([32]26,1,3)([33]3,29,6)([34]1,0,8)([35]4,27,7)(12,34,30,24,35,14)

[ 26.           1.35614383   1.41503751  50.75         0.           1.           2.
  21.          18.        ]
{6,6,6,5,2,1,9}([6]3,4,4)([7]1,0,5)([8]4,3,7)([9]0,5,7)([10]4,3,5)([11]1,10,4)([12]4,2,6)([13]8,5,7)([14]2,6,7)([15]10,0,4)([16]0,11,0)([17]2,5,4)([18]2,4,6)([19]14,14,0)([20]12,3,2)([21]20,3,0)([22]20,18,3)([23]2,20,4)([24]20,0,1)([25]4,20,5)([26]1,23,2)([27]24,5,3)([28]4,21,7)([29]3,22,1)([30]1,5,8)([31]1,1,7)([32]26,1,3)([33]3,29,6)([34]1,0,8)([35]4,27,7)(12,34,30,24,35,14)

[  53.           -0.            0.83007503   51.5           0.            1.
    1.           19.          285.        ]
{6,6,6,5,2,1,11}([6]0,0,2)([7]1,0,7)([8]1,5,8)([9]5,3,2)([10]3,3,3)([11]8,6,6)([12]2,4,3)([13]4,3,8)([14]8,9,5)([15]2,8,5)([16]11,4,1)([17]12,13,8)([18]2,5,1)([19]5,14,7)([20]1,14,8)([21]18,17,3)([22]0,20,8)([23]0,17,8)([24]1,0,1)([25]1,17,3)([26]25,5,2)([27]23,2,2)([28]3,21,5)([29]24,3,8)([30]23,25,3)([31]5,0,4)([32]5,1,4)([33]0,4,8)([34]3,5,0)([35]3,26,1)(16,13,6,26,23,30)

[  3.60000000e+01  -0.00000000e+00   4.15037513e-01   3.20000000e+01
   0.00000000e+00   1.00000000e+00   3.00000000e+00   1.50000000e+01
   4.94000000e+02]
{6,6,6,5,2,1,15}([6]0,1,6)([7]4,5,2)([8]5,0,3)([9]3,0,7)([10]3,5,0)([11]6,6,0)([12]5,9,2)([13]4,3,8)([14]10,3,2)([15]6,7,2)([16]11,0,8)([17]4,14,6)([18]11,13,4)([19]5,14,7)([20]0,11,1)([21]2,17,1)([22]19,1,1)([23]2,17,3)([24]16,19,0)([25]18,1,1)([26]25,23,7)([27]25,24,2)([28]22,24,6)([29]4,21,1)([30]0,1,0)([31]28,29,8)([32]27,28,1)([33]27,0,7)([34]0,0,5)([35]30,2,5)(31,31,31,22,15,21)

[  6.70000000e+01  -0.00000000e+00   6.78071916e-01   4.60000000e+01
   0.00000000e+00   1.00000000e+00   2.00000000e+00   1.00000000e+01
   1.01000000e+03]
{6,6,6,5,2,1,20}([6]5,3,3)([7]1,0,4)([8]3,2,1)([9]1,0,8)([10]2,5,6)([11]9,0,4)([12]6,7,7)([13]1,6,6)([14]9,8,8)([15]7,2,6)([16]2,11,8)([17]15,3,8)([18]1,14,3)([19]5,4,2)([20]15,4,7)([21]2,17,6)([22]17,18,8)([23]17,5,4)([24]20,16,1)([25]2,5,1)([26]25,23,5)([27]24,3,0)([28]5,22,8)([29]4,22,7)([30]0,21,6)([31]2,27,5)([32]26,28,2)([33]4,0,8)([34]3,30,4)([35]3,28,3)(24,29,29,13,14,32)

[  3.20000000e+01   8.30075026e-01   1.19264507e+00   5.10000000e+01
   0.00000000e+00   1.00000000e+00   2.00000000e+00   1.10000000e+01
   1.14700000e+03]
{6,6,6,5,2,1,19}([6]3,0,3)([7]1,3,2)([8]2,0,4)([9]0,4,6)([10]4,3,5)([11]4,1,0)([12]0,9,2)([13]4,4,1)([14]10,6,7)([15]7,5,3)([16]12,3,8)([17]14,1,7)([18]13,0,1)([19]14,1,1)([20]11,2,2)([21]17,1,7)([22]3,4,7)([23]0,3,5)([24]20,2,4)([25]5,19,8)([26]24,25,8)([27]22,4,1)([28]23,25,1)([29]24,1,3)([30]2,22,7)([31]26,1,8)([32]0,26,5)([33]4,27,1)([34]2,30,6)([35]26,30,2)(31,16,29,35,9,28)

[  8.80000000e+01  -0.00000000e+00   4.15037513e-01   4.80000000e+01
   0.00000000e+00   1.00000000e+00   1.00000000e+00   1.50000000e+01
   1.40900000e+03]
{6,6,6,5,2,1,15}([6]3,5,6)([7]5,2,3)([8]3,1,2)([9]5,4,3)([10]4,1,4)([11]4,8,1)([12]4,8,1)([13]0,6,3)([14]1,9,7)([15]7,5,4)([16]13,11,7)([17]0,5,0)([18]5,2,3)([19]11,13,8)([20]15,0,7)([21]19,20,3)([22]4,2,5)([23]16,19,2)([24]17,18,1)([25]0,0,8)([26]2,4,3)([27]25,2,7)([28]0,5,7)([29]5,0,6)([30]1,21,4)([31]30,26,0)([32]28,2,7)([33]27,30,4)([34]27,1,2)([35]3,28,5)(21,24,23,30,21,23)

[  2.80000000e+01  -0.00000000e+00  -0.00000000e+00   5.90000000e+01
   0.00000000e+00   2.00000000e+00   1.00000000e+00   1.70000000e+01
   1.77200000e+03]
{6,6,6,5,2,1,13}([6]0,2,6)([7]3,3,7)([8]2,1,5)([9]3,4,3)([10]3,0,2)([11]0,5,5)([12]10,6,2)([13]6,0,8)([14]9,10,7)([15]2,7,7)([16]11,2,3)([17]4,1,0)([18]1,12,8)([19]11,4,7)([20]11,13,6)([21]3,18,0)([22]16,20,3)([23]2,4,1)([24]1,18,5)([25]19,1,3)([26]24,23,0)([27]23,0,2)([28]23,2,3)([29]24,25,3)([30]23,24,3)([31]27,0,8)([32]2,28,4)([33]5,27,3)([34]28,1,6)([35]29,0,3)(12,0,29,9,26,16)

[  5.10000000e+01  -0.00000000e+00   8.30075026e-01   4.30000000e+01
   0.00000000e+00   1.00000000e+00   2.00000000e+00   1.70000000e+01
   1.98500000e+03]
{6,6,6,5,2,1,13}([6]3,1,2)([7]5,1,0)([8]5,4,8)([9]1,4,2)([10]4,0,6)([11]8,6,7)([12]8,6,8)([13]2,4,8)([14]1,7,6)([15]0,1,2)([16]11,2,0)([17]11,4,8)([18]4,11,8)([19]13,14,7)([20]3,0,8)([21]2,17,5)([22]20,18,2)([23]18,18,5)([24]3,1,1)([25]17,0,7)([26]3,25,3)([27]2,2,1)([28]25,24,0)([29]0,0,7)([30]3,24,8)([31]29,27,8)([32]29,4,6)([33]1,26,0)([34]3,2,1)([35]27,2,7)(11,22,12,34,17,19)


Spea searching with population size: 200 and generation count: 200
genome: PERMUTATION (True, 6, 6)
probability of mutation: 0.900000 probability of crossover: 0.050000
criterions: [BENT_AND_MOSAC, LP_MAX, DP_MAX, SAC, BF, POLYNOMIAL_DEGREE]
[ 112.            2.83007503    3.41503739   63.            0.            2.
    5.            0.            4.        ]
25 30 10 18 47 22 17 24 44 31 57 41 61 29 54 50 27 52 35 8 53 34 7 11 28 14 40 48 20 46 55 4 33 59 15 62 42 16 1 6 12 37 51 38 26 21 0 39 49 63 2 43 3 45 36 58 5 19 23 13 60 56 32 9 
[ 96.           2.38529015   3.          63.           1.           2.           5.
   0.          17.        ]
58 62 44 37 26 47 17 15 24 2 50 19 10 31 35 36 60 53 9 59 25 18 39 56 42 8 27 0 23 55 21 49 11 54 51 40 28 20 63 45 57 4 29 41 52 5 7 38 43 14 1 13 46 33 3 61 48 12 6 34 22 32 30 16 
[ 150.            2.38529015    3.           63.            0.            2.
    4.            0.           49.        ]
22 34 16 45 25 29 8 4 49 50 7 5 14 0 36 57 55 12 32 27 13 17 30 48 20 51 53 18 19 47 62 35 46 37 39 10 56 38 1 61 24 2 21 58 60 26 44 52 54 15 63 6 41 59 28 33 11 43 3 40 9 42 31 23 
[ 113.            2.83007503    3.           63.            0.            2.
    5.            0.           54.        ]
53 10 60 34 9 2 48 59 29 18 51 39 44 26 41 24 8 27 46 17 38 5 47 35 4 33 52 15 40 58 54 63 30 42 55 57 62 43 6 13 28 36 61 56 50 32 49 11 37 12 19 23 3 1 20 21 22 31 7 14 45 16 25 0 
[ 120.            2.38529015    3.           63.            0.            2.
    5.            0.           61.        ]
62 5 54 50 37 18 38 26 16 45 60 20 47 7 15 51 29 14 23 10 11 58 9 28 13 57 3 25 32 55 59 49 19 22 44 35 41 46 43 34 48 56 21 0 2 63 4 6 61 24 36 12 40 52 31 1 17 30 53 27 39 33 42 8 
[ 134.            2.83007503    3.           63.            0.            2.
    4.            0.           63.        ]
37 48 2 14 8 31 30 34 27 36 46 51 47 15 49 21 38 28 25 40 19 61 43 6 12 56 26 1 44 55 60 4 0 39 52 58 18 53 23 32 9 24 7 45 13 54 59 3 50 10 22 57 29 16 33 62 63 17 11 42 5 20 41 35 
[ 136.            2.38529015    3.41503739   63.            0.            2.
    4.            0.           67.        ]
0 20 30 8 38 34 40 52 53 24 10 26 58 41 50 11 25 33 29 28 39 5 51 43 47 57 42 46 19 12 63 36 59 54 35 55 13 16 60 4 3 23 61 14 15 62 32 27 22 21 31 37 56 18 48 7 9 2 44 45 6 49 17 1 
[ 122.            2.38529015    2.67807198   63.            0.            2.
    5.            0.           76.        ]
13 36 20 19 33 31 47 26 41 38 56 62 35 50 58 1 40 61 5 59 18 4 37 21 39 11 51 55 27 17 7 44 46 57 14 32 6 30 34 60 23 48 54 42 3 0 49 15 12 43 28 52 9 24 29 22 10 45 63 2 25 8 53 16 
[ 151.            1.66015005    2.67807198   63.            0.            2.
    4.            0.           81.        ]
31 41 56 46 29 36 4 53 43 24 42 9 21 10 12 37 26 32 30 62 17 48 55 50 38 59 61 22 47 16 39 18 15 58 7 19 60 8 2 52 1 5 3 25 51 49 20 33 28 44 34 45 6 14 27 13 40 35 0 23 57 11 54 63 
[ 134.            2.83007503    3.           63.            0.            2.
    4.            0.           85.        ]
45 10 3 25 16 53 12 29 63 2 14 32 24 54 60 52 8 44 0 43 49 42 4 11 22 55 28 15 61 6 27 5 58 30 48 57 23 9 39 62 7 51 41 40 47 36 50 46 13 18 17 20 21 38 35 34 56 59 19 1 33 31 26 37 
[ 118.            2.83007503    3.41503739   63.            0.            2.
    4.            0.           86.        ]
50 28 34 43 16 9 45 12 63 22 15 8 52 41 62 0 2 29 23 42 10 4 30 1 44 49 60 14 51 3 48 46 32 18 54 47 55 6 11 21 38 61 39 33 40 31 35 17 37 53 58 19 27 36 13 7 59 56 20 26 57 5 25 24 

Vega searching with population size: 200 and generation count: 200
genome: PERMUTATION (True, 6, 6)
probability of mutation: 0.100000 probability of crossover: 0.900000
criterions: [BENT_AND_MOSAC, LP_MAX, DP_MAX, SAC, BF, POLYNOMIAL_DEGREE]
[ 123.            2.83007503    2.67807198   63.            0.            2.
    4.            0.           21.        ]
37 5 7 8 51 40 49 60 11 57 52 44 22 36 46 61 17 55 6 34 41 29 32 43 25 59 39 48 18 31 2 58 0 47 3 15 16 35 50 23 28 19 20 30 54 53 13 14 21 26 33 42 27 9 45 1 24 10 4 12 38 62 56 63 
[ 143.            2.38529015    2.67807198   63.            0.            2.
    4.            0.          200.        ]
32 22 33 46 50 40 51 57 15 56 53 62 16 34 13 44 12 41 21 59 54 4 36 23 58 47 39 37 31 9 19 24 42 18 48 29 45 6 26 61 63 28 55 17 10 30 3 43 5 7 49 25 1 27 52 60 38 11 8 0 14 2 20 35 
[ 103.            2.83007503    3.41503739   63.            0.            2.
    5.            0.          294.        ]
24 25 57 22 47 59 20 41 2 37 29 1 3 33 51 53 14 16 43 60 23 58 61 38 21 6 0 50 9 49 10 30 32 52 48 62 44 27 7 35 36 11 39 18 42 8 31 34 15 28 19 40 12 4 5 13 26 17 55 45 63 46 56 54 
[ 118.            2.38529015    3.           63.            0.            2.
    5.            0.          298.        ]
1 55 2 25 41 42 18 33 61 31 45 49 5 34 54 32 16 57 38 13 43 29 48 62 0 37 7 50 59 3 63 44 19 36 10 11 26 21 35 60 28 14 12 58 9 56 4 40 51 20 24 39 17 53 52 30 47 22 8 46 6 23 15 27 
[ 122.            2.83007503    3.           63.            0.            2.
    4.            0.          407.        ]
5 61 59 26 25 43 36 9 4 60 56 49 39 52 30 15 35 12 33 46 16 34 63 54 1 14 45 21 47 20 32 17 18 10 2 44 28 13 29 48 27 55 38 42 37 6 41 3 50 7 24 53 0 31 58 40 23 57 8 22 51 62 19 11 
[ 122.            2.83007503    3.           63.            0.            2.
    4.            0.          500.        ]
32 39 49 35 6 12 20 5 15 17 10 0 25 42 50 58 57 60 59 46 16 30 34 51 55 48 37 4 45 40 33 52 21 3 56 11 61 36 24 29 41 43 26 27 54 53 28 18 23 9 8 22 19 1 47 13 62 38 2 7 44 31 63 14 
[ 110.            2.83007503    3.41503739   63.            0.            2.
    4.            0.          519.        ]
12 6 41 47 42 32 35 15 39 17 19 27 43 26 25 7 56 9 62 4 1 37 20 49 36 52 50 13 0 34 5 46 44 54 10 22 11 51 40 30 14 59 60 16 29 55 3 23 61 18 8 31 48 53 33 45 63 38 58 28 57 2 24 21 
[ 119.            2.38529015    3.41503739   63.            0.            2.
    4.            0.          840.        ]
29 60 42 57 2 36 4 25 18 13 11 52 9 44 10 0 50 32 1 31 19 38 41 22 48 39 30 24 54 28 58 40 56 49 43 51 33 47 17 14 63 3 61 27 59 35 62 53 16 6 34 45 23 37 7 8 55 26 5 21 46 15 20 12 
[  139.             2.38529015     3.            63.             0.             2.
     4.             0.          1000.        ]
55 36 6 43 9 49 33 3 60 45 19 4 35 14 61 39 37 17 51 53 12 7 30 34 44 57 40 41 47 0 62 18 59 21 10 25 32 13 26 29 24 16 31 58 11 28 50 8 1 22 54 20 46 2 23 56 38 42 5 52 27 48 63 15 
[  143.     2.     3.    63.     0.     2.     4.     0.  1200.]
7 58 61 9 1 59 54 62 21 5 51 63 57 18 35 52 55 12 45 42 11 8 37 49 2 41 14 0 3 32 60 46 44 25 13 36 15 22 4 40 23 50 29 24 56 31 26 19 10 16 28 43 53 30 48 47 38 33 39 17 6 34 20 27 
[  122.             2.83007503     3.            63.             0.             2.
     4.             0.          1218.        ]
58 49 17 8 18 61 29 22 7 14 38 59 24 44 46 56 55 52 35 42 37 4 28 40 11 50 32 51 33 34 5 43 62 48 19 1 45 9 0 36 31 25 60 41 3 12 27 2 57 20 6 39 63 10 47 26 21 16 54 23 13 30 15 53 
[  103.             2.83007503     3.41503739    63.             0.             2.
     5.             0.          1582.        ]
53 32 40 33 37 14 23 22 59 0 18 29 45 42 21 20 39 49 62 51 30 17 58 61 54 9 63 46 44 12 31 55 3 13 10 43 11 35 28 25 57 48 52 60 15 34 5 2 4 41 50 1 26 56 8 7 38 6 27 36 16 47 19 24 
[  112.             2.83007503     3.            63.             0.             2.
     5.             0.          1788.        ]
20 27 51 18 63 56 48 25 55 11 52 34 2 23 40 14 31 37 13 19 1 4 33 30 22 50 46 60 36 26 8 44 35 49 62 61 9 10 17 42 3 5 41 47 24 53 21 45 0 32 7 29 43 39 58 12 15 16 59 54 38 6 57 28 
[  119.     2.     3.    63.     0.     2.     5.     0.  1837.]
55 29 7 54 22 35 0 13 11 23 53 17 52 28 27 24 50 56 49 44 33 40 31 21 5 18 12 39 60 16 10 3 6 47 30 58 63 45 51 9 25 46 38 41 1 43 61 2 32 8 62 37 36 15 19 57 34 4 48 26 42 20 14 59 

Vega searching with population size: 200 and generation count: 200
genome: CGP (8, 8, 8, 7, 28)
probability of mutation: 0.900000 probability of crossover: 0.000000
criterions: [BENT_AND_MOSAC, LP_MAX, DP_MAX, SAC, BF, POLYNOMIAL_DEGREE]
[   0.           -0.            1.19264507  236.1875        0.            1.
    1.           29.          101.        ]
{8,8,8,7,2,1,27}([8]4,3,2)([9]7,2,3)([10]5,5,6)([11]3,5,5)([12]6,6,7)([13]6,2,3)([14]4,7,2)([15]14,0,6)([16]14,12,7)([17]13,10,1)([18]1,5,4)([19]6,9,6)([20]7,11,1)([21]14,12,3)([22]16,16,3)([23]16,15,0)([24]15,5,7)([25]2,2,1)([26]1,16,2)([27]1,3,6)([28]19,5,4)([29]23,26,2)([30]25,1,2)([31]7,1,1)([32]6,25,7)([33]3,1,2)([34]28,7,0)([35]0,27,4)([36]29,4,1)([37]3,33,3)([38]30,0,5)([39]30,31,8)([40]0,31,5)([41]2,32,8)([42]6,35,2)([43]6,3,0)([44]38,36,6)([45]39,36,1)([46]42,39,7)([47]2,41,2)([48]39,36,0)([49]5,39,2)([50]0,0,6)([51]6,46,0)([52]46,49,8)([53]48,47,5)([54]1,49,7)([55]49,3,1)([56]45,43,0)([57]4,53,3)([58]6,1,6)([59]55,50,7)([60]6,1,1)([61]56,3,7)([62]0,4,3)([63]50,7,6)(24,21,57,19,12,44,55,33)

[  78.      -0.      -0.     219.625    0.       1.       3.      34.     155.   ]
{8,8,8,7,2,1,22}([8]0,4,5)([9]5,0,2)([10]6,6,2)([11]5,3,6)([12]6,2,4)([13]7,1,4)([14]5,0,2)([15]2,10,6)([16]3,7,1)([17]4,7,5)([18]2,5,7)([19]6,3,7)([20]5,5,6)([21]13,9,2)([22]15,4,3)([23]15,16,3)([24]21,6,6)([25]16,15,3)([26]3,7,3)([27]7,2,0)([28]6,20,5)([29]27,23,5)([30]25,0,0)([31]7,3,1)([32]5,26,2)([33]4,2,0)([34]25,3,6)([35]24,26,4)([36]31,35,2)([37]35,33,0)([38]35,30,1)([39]3,5,0)([40]32,30,6)([41]2,32,2)([42]30,0,8)([43]1,2,1)([44]42,41,7)([45]42,5,2)([46]40,2,6)([47]40,3,1)([48]1,38,3)([49]37,6,4)([50]6,4,4)([51]49,6,5)([52]49,45,2)([53]2,47,3)([54]0,44,4)([55]43,1,1)([56]43,6,2)([57]55,0,7)([58]3,53,3)([59]0,56,7)([60]0,55,0)([61]6,2,4)([62]51,1,5)([63]50,3,3)(48,34,47,48,41,57,40,42)

[  28.            0.83007503    0.83007503  222.4375        0.            1.
    2.           33.          274.        ]
{8,8,8,7,2,1,23}([8]0,0,7)([9]4,4,5)([10]0,2,0)([11]2,6,8)([12]6,7,0)([13]3,1,4)([14]4,5,3)([15]9,1,4)([16]12,8,7)([17]11,11,3)([18]13,12,7)([19]10,5,5)([20]14,4,2)([21]11,14,4)([22]6,4,8)([23]18,0,3)([24]3,7,2)([25]6,17,5)([26]1,19,7)([27]7,21,8)([28]2,1,8)([29]25,3,1)([30]23,26,2)([31]1,3,1)([32]27,1,8)([33]23,24,3)([34]2,22,7)([35]23,5,2)([36]2,29,6)([37]31,31,3)([38]0,5,0)([39]29,31,1)([40]32,0,0)([41]29,6,4)([42]3,5,8)([43]5,39,8)([44]7,40,6)([45]5,7,3)([46]40,4,6)([47]3,38,7)([48]5,37,3)([49]4,40,8)([50]49,7,0)([51]6,5,4)([52]48,46,6)([53]47,0,6)([54]4,43,2)([55]45,46,8)([56]0,49,3)([57]50,0,2)([58]51,4,3)([59]52,54,7)([60]56,2,3)([61]54,4,3)([62]0,5,5)([63]6,55,2)(20,56,27,18,16,36,63,42)

[ 180.   -0.   -0.  192.    0.    1.    2.   40.  288.]
{8,8,8,7,2,1,16}([8]3,6,4)([9]0,0,5)([10]1,6,6)([11]4,5,8)([12]0,1,2)([13]0,7,8)([14]4,3,3)([15]12,5,3)([16]14,6,2)([17]3,5,6)([18]5,11,8)([19]10,4,1)([20]6,4,6)([21]8,12,2)([22]5,18,2)([23]4,18,0)([24]3,5,7)([25]3,3,4)([26]18,3,4)([27]7,21,7)([28]19,3,2)([29]3,23,1)([30]7,7,1)([31]28,1,2)([32]27,26,3)([33]6,5,6)([34]7,2,2)([35]24,24,7)([36]30,32,4)([37]32,3,0)([38]31,30,0)([39]32,33,7)([40]32,30,0)([41]29,2,4)([42]3,7,2)([43]6,1,5)([44]6,7,1)([45]38,36,0)([46]1,7,0)([47]7,7,7)([48]36,2,8)([49]36,41,7)([50]46,0,4)([51]6,5,8)([52]43,3,3)([53]7,5,0)([54]4,1,7)([55]5,49,7)([56]44,46,0)([57]54,52,8)([58]51,56,5)([59]51,5,8)([60]52,52,6)([61]50,2,3)([62]50,5,4)([63]7,56,6)(27,32,32,37,57,59,18,20)

[  19.            0.83007503    1.          229.125         0.            1.
    2.           35.          525.        ]
{8,8,8,7,2,1,21}([8]0,1,5)([9]0,2,2)([10]4,2,3)([11]4,3,6)([12]4,0,2)([13]4,4,1)([14]0,6,3)([15]13,7,1)([16]13,9,8)([17]12,14,7)([18]14,5,7)([19]0,5,1)([20]9,9,8)([21]12,13,4)([22]6,15,5)([23]2,3,8)([24]21,7,4)([25]2,1,0)([26]16,3,6)([27]2,7,3)([28]0,0,1)([29]2,24,1)([30]24,23,3)([31]5,22,0)([32]4,1,3)([33]27,6,6)([34]0,23,3)([35]3,2,8)([36]2,35,1)([37]31,3,7)([38]1,32,2)([39]30,2,7)([40]32,32,1)([41]2,35,0)([42]0,5,7)([43]5,7,8)([44]39,37,7)([45]2,3,0)([46]37,39,0)([47]7,41,5)([48]38,3,7)([49]39,4,3)([50]7,1,8)([51]49,49,7)([52]1,7,7)([53]3,44,7)([54]3,43,3)([55]49,6,0)([56]1,46,3)([57]52,1,2)([58]5,2,7)([59]5,2,3)([60]0,0,3)([61]0,1,6)([62]3,5,1)([63]50,4,2)(54,20,21,49,33,35,44,61)

[  1.88000000e+02  -0.00000000e+00   2.99560279e-01   2.21500000e+02
   0.00000000e+00   1.00000000e+00   1.00000000e+00   3.60000000e+01
   8.19000000e+02]
{8,8,8,7,2,1,20}([8]1,7,6)([9]1,7,6)([10]3,3,3)([11]1,6,7)([12]5,1,3)([13]0,6,5)([14]6,5,7)([15]7,9,2)([16]14,8,2)([17]1,6,0)([18]5,4,8)([19]9,10,3)([20]14,5,2)([21]2,10,7)([22]1,18,5)([23]16,17,3)([24]21,16,3)([25]2,18,3)([26]15,3,6)([27]4,2,3)([28]16,16,4)([29]28,5,8)([30]25,3,0)([31]27,26,1)([32]26,28,6)([33]1,6,0)([34]22,24,7)([35]1,27,3)([36]2,0,2)([37]5,0,8)([38]30,32,3)([39]33,0,7)([40]2,33,2)([41]1,7,2)([42]31,5,6)([43]41,40,3)([44]36,3,4)([45]39,41,1)([46]38,0,1)([47]41,36,0)([48]4,42,1)([49]36,39,8)([50]6,0,4)([51]7,46,8)([52]3,47,2)([53]45,43,5)([54]45,5,3)([55]47,45,6)([56]3,2,0)([57]5,6,6)([58]2,7,6)([59]0,51,3)([60]4,5,6)([61]1,7,6)([62]2,0,3)([63]0,53,5)(58,24,17,59,46,51,1,58)

[  8.40000000e+01   8.30075026e-01   4.15037513e-01   2.20750000e+02
   0.00000000e+00   1.00000000e+00   2.00000000e+00   3.10000000e+01
   1.01100000e+03]
{8,8,8,7,2,1,25}([8]0,5,1)([9]5,1,1)([10]7,1,8)([11]3,5,3)([12]6,1,8)([13]3,5,4)([14]5,4,7)([15]2,5,4)([16]14,10,3)([17]4,3,5)([18]4,9,8)([19]13,5,6)([20]3,10,0)([21]8,6,5)([22]4,4,0)([23]15,16,1)([24]3,0,2)([25]15,20,0)([26]2,0,1)([27]7,18,4)([28]5,17,4)([29]0,25,8)([30]25,7,5)([31]24,25,7)([32]7,26,6)([33]23,27,2)([34]0,23,3)([35]3,7,7)([36]35,33,2)([37]29,29,7)([38]5,32,7)([39]34,33,0)([40]0,4,7)([41]4,34,3)([42]6,1,3)([43]36,36,3)([44]37,3,8)([45]3,39,7)([46]36,36,7)([47]0,7,5)([48]40,4,1)([49]37,42,7)([50]49,7,2)([51]48,45,5)([52]5,4,4)([53]2,47,3)([54]48,43,8)([55]46,44,5)([56]0,4,3)([57]5,0,4)([58]55,51,1)([59]54,0,3)([60]3,2,1)([61]51,56,3)([62]6,56,1)([63]56,5,7)(12,24,39,46,45,50,8,49)

[  1.20000000e+02  -0.00000000e+00   1.00000000e+00   2.30000000e+02
   0.00000000e+00   1.00000000e+00   2.00000000e+00   3.30000000e+01
   1.08600000e+03]
{8,8,8,7,2,1,23}([8]6,4,4)([9]0,1,8)([10]0,5,3)([11]6,2,6)([12]1,3,1)([13]5,1,1)([14]5,7,2)([15]10,11,2)([16]3,11,5)([17]7,0,4)([18]8,12,4)([19]7,6,3)([20]6,11,6)([21]4,2,1)([22]6,17,1)([23]7,4,2)([24]19,5,6)([25]4,1,1)([26]3,19,4)([27]1,20,4)([28]19,4,3)([29]25,4,1)([30]6,4,1)([31]22,2,4)([32]22,3,1)([33]28,25,3)([34]22,6,6)([35]25,24,3)([36]2,33,4)([37]5,35,3)([38]3,30,1)([39]35,32,0)([40]33,32,5)([41]2,3,5)([42]0,6,6)([43]0,6,4)([44]36,7,6)([45]3,37,8)([46]39,7,0)([47]40,36,1)([48]39,7,2)([49]1,36,4)([50]44,45,4)([51]45,47,4)([52]45,6,0)([53]6,0,2)([54]3,6,4)([55]2,2,6)([56]6,0,0)([57]50,3,0)([58]7,4,6)([59]2,50,5)([60]50,52,3)([61]7,4,6)([62]0,4,3)([63]56,0,6)(46,47,24,60,42,12,9,24)

[  1.58000000e+02  -0.00000000e+00   4.15037513e-01   2.27375000e+02
   0.00000000e+00   1.00000000e+00   1.00000000e+00   3.80000000e+01
   1.22000000e+03]
{8,8,8,7,2,1,18}([8]1,1,4)([9]6,3,2)([10]0,7,2)([11]0,3,6)([12]4,6,7)([13]6,0,8)([14]7,3,8)([15]10,13,1)([16]9,5,6)([17]6,4,3)([18]13,10,5)([19]7,12,8)([20]0,5,6)([21]7,10,5)([22]0,4,6)([23]20,21,7)([24]20,21,2)([25]7,3,6)([26]3,20,5)([27]3,20,7)([28]1,2,7)([29]26,3,3)([30]2,4,1)([31]2,1,2)([32]28,7,3)([33]0,25,3)([34]0,7,5)([35]3,26,6)([36]29,32,3)([37]32,1,2)([38]31,32,2)([39]4,6,8)([40]6,30,4)([41]32,30,7)([42]31,4,1)([43]40,7,6)([44]0,38,6)([45]39,1,3)([46]2,6,6)([47]2,7,7)([48]0,40,6)([49]39,36,3)([50]3,0,1)([51]43,5,2)([52]7,49,7)([53]47,46,2)([54]6,44,3)([55]6,47,7)([56]46,7,0)([57]54,52,0)([58]6,53,4)([59]5,54,6)([60]6,3,8)([61]54,54,4)([62]6,7,5)([63]3,53,7)(38,26,24,44,12,1,52,59)

[  2.40000000e+01   5.99120557e-01   1.00000000e+00   2.25750000e+02
   0.00000000e+00   1.00000000e+00   2.00000000e+00   2.90000000e+01
   1.51900000e+03]
{8,8,8,7,2,1,27}([8]0,6,6)([9]3,3,2)([10]3,5,2)([11]3,3,4)([12]1,7,5)([13]3,1,2)([14]6,2,0)([15]10,0,3)([16]10,12,7)([17]4,1,2)([18]1,13,6)([19]3,0,5)([20]0,3,2)([21]8,4,0)([22]3,21,4)([23]4,20,4)([24]15,16,0)([25]2,5,1)([26]21,18,6)([27]17,21,8)([28]6,16,6)([29]28,25,6)([30]23,3,8)([31]1,7,5)([32]4,2,1)([33]4,4,0)([34]3,7,8)([35]3,27,2)([36]32,30,2)([37]3,35,5)([38]32,33,3)([39]6,31,7)([40]4,32,2)([41]3,30,1)([42]30,29,0)([43]2,37,7)([44]3,39,8)([45]2,4,1)([46]41,37,5)([47]36,6,1)([48]41,38,8)([49]38,4,7)([50]45,47,6)([51]46,48,4)([52]6,6,1)([53]7,47,3)([54]5,7,2)([55]7,47,3)([56]3,5,6)([57]7,0,1)([58]5,2,3)([59]56,52,2)([60]1,0,5)([61]1,5,8)([62]7,6,6)([63]55,5,5)(26,38,51,59,55,54,13,34)

[  0.00000000e+00   2.00000000e+00   1.00000000e+00   2.21500000e+02
   0.00000000e+00   1.00000000e+00   2.00000000e+00   4.50000000e+01
   1.72900000e+03]
{8,8,8,7,2,1,11}([8]6,7,6)([9]0,4,1)([10]2,1,1)([11]2,4,7)([12]0,5,2)([13]7,4,0)([14]3,5,0)([15]6,10,3)([16]4,10,0)([17]4,0,1)([18]1,4,0)([19]10,2,3)([20]4,2,0)([21]1,12,7)([22]17,5,6)([23]15,1,6)([24]18,2,4)([25]6,4,7)([26]0,20,6)([27]1,17,8)([28]19,3,2)([29]1,4,1)([30]3,24,0)([31]6,7,2)([32]0,6,8)([33]4,28,4)([34]3,5,4)([35]24,1,5)([36]30,1,0)([37]5,31,6)([38]5,7,4)([39]1,31,3)([40]30,35,8)([41]1,35,3)([42]3,29,1)([43]3,40,1)([44]40,7,5)([45]40,7,6)([46]2,4,3)([47]6,7,3)([48]1,7,8)([49]6,40,8)([50]1,7,5)([51]0,5,2)([52]5,47,2)([53]3,6,6)([54]49,2,6)([55]3,2,2)([56]47,7,2)([57]6,0,0)([58]4,1,1)([59]55,6,1)([60]51,51,5)([61]50,51,1)([62]5,6,6)([63]0,52,1)(32,29,52,26,53,10,23,25)


