Random searching with population size: 30 and generation count: 900
genome: PERMUTATION (True, 8, 8) criterion: DP_MAX

[ 284.            4.            4.67807198  255.            0.            2.
    7.            0.          179.        ]
21 162 235 255 24 29 66 18 223 5 63 16 152 85 122 151 245 141 39 246 56 243 174 207 9 7 181 115 131 107 96 236 147 14 203 200 180 187 44 165 175 247 143 130 87 26 81 176 192 38 82 22 132 228 217 209 201 106 6 8 71 42 244 78 145 234 2 154 224 205 45 239 35 251 138 117 240 149 95 43 20 55 40 17 103 220 111 3 67 144 183 60 121 50 102 33 59 140 83 185 37 101 94 196 32 84 168 15 4 89 159 156 57 215 150 225 221 36 64 254 161 48 198 12 79 169 72 74 148 249 0 108 99 46 179 10 31 11 53 23 160 216 116 189 184 182 129 214 213 199 241 229 47 65 91 194 134 93 167 30 125 252 68 62 27 242 210 226 166 238 195 41 142 119 191 171 164 157 110 219 54 222 69 190 118 109 248 208 253 158 135 88 172 104 98 51 202 52 250 211 1 139 112 218 178 133 173 233 76 193 49 136 186 34 206 231 75 123 197 73 90 100 58 77 25 126 92 230 120 13 127 128 163 232 177 80 153 170 227 86 212 114 70 113 237 124 146 155 97 188 61 204 19 28 137 105 
[ 304.            3.82507443    4.67807198  255.            0.            2.
    6.            0.          240.        ]
222 1 57 145 168 250 109 246 198 183 5 163 212 6 14 148 235 83 114 152 159 73 52 121 65 203 127 86 158 200 132 160 119 151 93 113 181 224 15 71 29 7 36 211 231 77 167 84 177 242 191 234 154 101 89 172 150 20 245 126 50 80 124 18 44 47 209 12 56 153 115 220 106 74 46 88 28 38 75 138 78 24 102 192 226 48 253 221 66 64 141 175 143 122 207 165 125 251 236 155 135 100 30 4 149 161 233 130 81 51 140 60 0 227 184 117 42 156 178 97 90 157 72 136 241 34 59 16 248 23 195 43 79 62 173 244 131 174 187 176 229 85 118 243 120 95 238 218 27 25 237 204 68 179 219 8 33 180 142 199 103 92 137 216 210 105 255 94 202 213 189 164 182 63 107 70 129 162 19 247 98 208 254 240 194 9 147 188 134 166 108 54 69 215 139 49 39 196 197 230 201 223 22 53 55 40 206 232 190 205 110 170 37 58 11 35 169 91 3 128 171 123 214 10 96 185 225 82 17 112 99 67 228 2 146 193 21 249 45 239 87 61 104 133 31 76 252 32 26 144 111 13 186 41 217 116 
[ 304.            3.82507443    4.67807198  255.            0.            2.
    6.            0.          242.        ]
222 1 57 145 168 250 109 246 198 183 5 163 212 6 14 148 235 83 114 152 159 73 52 121 65 203 127 86 158 200 132 160 119 151 93 113 181 224 15 71 29 7 36 211 231 77 167 84 177 242 191 234 154 101 89 172 150 20 245 126 50 80 124 18 44 47 209 12 56 153 115 220 106 74 46 88 28 38 75 138 78 24 102 192 226 48 253 221 66 64 141 175 143 122 207 165 125 251 236 155 135 100 30 4 149 161 233 130 81 51 140 60 0 227 184 117 42 156 178 97 90 157 72 136 241 34 59 16 248 23 195 43 79 62 173 244 131 174 187 176 229 85 118 243 120 95 238 218 27 25 237 204 68 179 219 8 33 180 142 199 103 92 137 216 210 105 255 94 202 213 189 164 182 63 107 70 129 162 19 247 98 208 254 240 194 9 147 188 134 166 108 54 69 215 139 49 39 196 197 230 201 223 22 53 55 40 206 232 190 205 110 170 37 58 11 35 169 91 3 128 171 123 214 10 96 185 225 82 17 112 99 67 228 2 146 193 21 249 45 239 87 61 104 133 31 76 252 32 26 144 111 13 186 41 217 116 
[ 304.            3.82507443    4.67807198  255.            0.            2.
    6.            0.          243.        ]
222 1 57 145 168 250 109 246 198 183 5 163 212 6 14 148 235 83 114 152 159 73 52 121 65 203 127 86 158 200 132 160 119 151 93 113 181 224 15 71 29 7 36 211 231 77 167 84 177 242 191 234 154 101 89 172 150 20 245 126 50 80 124 18 44 47 209 12 56 153 115 220 106 74 46 88 28 38 75 138 78 24 102 192 226 48 253 221 66 64 141 175 143 122 207 165 125 251 236 155 135 100 30 4 149 161 233 130 81 51 140 60 0 227 184 117 42 156 178 97 90 157 72 136 241 34 59 16 248 23 195 43 79 62 173 244 131 174 187 176 229 85 118 243 120 95 238 218 27 25 237 204 68 179 219 8 33 180 142 199 103 92 137 216 210 105 255 94 202 213 189 164 182 63 107 70 129 162 19 247 98 208 254 240 194 9 147 188 134 166 108 54 69 215 139 49 39 196 197 230 201 223 22 53 55 40 206 232 190 205 110 170 37 58 11 35 169 91 3 128 171 123 214 10 96 185 225 82 17 112 99 67 228 2 146 193 21 249 45 239 87 61 104 133 31 76 252 32 26 144 111 13 186 41 217 116 
[ 304.            3.82507443    4.67807198  255.            0.            2.
    6.            0.          244.        ]
222 1 57 145 168 250 109 246 198 183 5 163 212 6 14 148 235 83 114 152 159 73 52 121 65 203 127 86 158 200 132 160 119 151 93 113 181 224 15 71 29 7 36 211 231 77 167 84 177 242 191 234 154 101 89 172 150 20 245 126 50 80 124 18 44 47 209 12 56 153 115 220 106 74 46 88 28 38 75 138 78 24 102 192 226 48 253 221 66 64 141 175 143 122 207 165 125 251 236 155 135 100 30 4 149 161 233 130 81 51 140 60 0 227 184 117 42 156 178 97 90 157 72 136 241 34 59 16 248 23 195 43 79 62 173 244 131 174 187 176 229 85 118 243 120 95 238 218 27 25 237 204 68 179 219 8 33 180 142 199 103 92 137 216 210 105 255 94 202 213 189 164 182 63 107 70 129 162 19 247 98 208 254 240 194 9 147 188 134 166 108 54 69 215 139 49 39 196 197 230 201 223 22 53 55 40 206 232 190 205 110 170 37 58 11 35 169 91 3 128 171 123 214 10 96 185 225 82 17 112 99 67 228 2 146 193 21 249 45 239 87 61 104 133 31 76 252 32 26 144 111 13 186 41 217 116 
[ 304.            3.82507443    4.67807198  255.            0.            2.
    6.            0.          245.        ]
222 1 57 145 168 250 109 246 198 183 5 163 212 6 14 148 235 83 114 152 159 73 52 121 65 203 127 86 158 200 132 160 119 151 93 113 181 224 15 71 29 7 36 211 231 77 167 84 177 242 191 234 154 101 89 172 150 20 245 126 50 80 124 18 44 47 209 12 56 153 115 220 106 74 46 88 28 38 75 138 78 24 102 192 226 48 253 221 66 64 141 175 143 122 207 165 125 251 236 155 135 100 30 4 149 161 233 130 81 51 140 60 0 227 184 117 42 156 178 97 90 157 72 136 241 34 59 16 248 23 195 43 79 62 173 244 131 174 187 176 229 85 118 243 120 95 238 218 27 25 237 204 68 179 219 8 33 180 142 199 103 92 137 216 210 105 255 94 202 213 189 164 182 63 107 70 129 162 19 247 98 208 254 240 194 9 147 188 134 166 108 54 69 215 139 49 39 196 197 230 201 223 22 53 55 40 206 232 190 205 110 170 37 58 11 35 169 91 3 128 171 123 214 10 96 185 225 82 17 112 99 67 228 2 146 193 21 249 45 239 87 61 104 133 31 76 252 32 26 144 111 13 186 41 217 116 
[ 304.            3.82507443    4.67807198  255.            0.            2.
    6.            0.          246.        ]
222 1 57 145 168 250 109 246 198 183 5 163 212 6 14 148 235 83 114 152 159 73 52 121 65 203 127 86 158 200 132 160 119 151 93 113 181 224 15 71 29 7 36 211 231 77 167 84 177 242 191 234 154 101 89 172 150 20 245 126 50 80 124 18 44 47 209 12 56 153 115 220 106 74 46 88 28 38 75 138 78 24 102 192 226 48 253 221 66 64 141 175 143 122 207 165 125 251 236 155 135 100 30 4 149 161 233 130 81 51 140 60 0 227 184 117 42 156 178 97 90 157 72 136 241 34 59 16 248 23 195 43 79 62 173 244 131 174 187 176 229 85 118 243 120 95 238 218 27 25 237 204 68 179 219 8 33 180 142 199 103 92 137 216 210 105 255 94 202 213 189 164 182 63 107 70 129 162 19 247 98 208 254 240 194 9 147 188 134 166 108 54 69 215 139 49 39 196 197 230 201 223 22 53 55 40 206 232 190 205 110 170 37 58 11 35 169 91 3 128 171 123 214 10 96 185 225 82 17 112 99 67 228 2 146 193 21 249 45 239 87 61 104 133 31 76 252 32 26 144 111 13 186 41 217 116 
[ 304.            3.82507443    4.67807198  255.            0.            2.
    6.            0.          247.        ]
222 1 57 145 168 250 109 246 198 183 5 163 212 6 14 148 235 83 114 152 159 73 52 121 65 203 127 86 158 200 132 160 119 151 93 113 181 224 15 71 29 7 36 211 231 77 167 84 177 242 191 234 154 101 89 172 150 20 245 126 50 80 124 18 44 47 209 12 56 153 115 220 106 74 46 88 28 38 75 138 78 24 102 192 226 48 253 221 66 64 141 175 143 122 207 165 125 251 236 155 135 100 30 4 149 161 233 130 81 51 140 60 0 227 184 117 42 156 178 97 90 157 72 136 241 34 59 16 248 23 195 43 79 62 173 244 131 174 187 176 229 85 118 243 120 95 238 218 27 25 237 204 68 179 219 8 33 180 142 199 103 92 137 216 210 105 255 94 202 213 189 164 182 63 107 70 129 162 19 247 98 208 254 240 194 9 147 188 134 166 108 54 69 215 139 49 39 196 197 230 201 223 22 53 55 40 206 232 190 205 110 170 37 58 11 35 169 91 3 128 171 123 214 10 96 185 225 82 17 112 99 67 228 2 146 193 21 249 45 239 87 61 104 133 31 76 252 32 26 144 111 13 186 41 217 116 
[ 304.            3.82507443    4.67807198  255.            0.            2.
    6.            0.          248.        ]
222 1 57 145 168 250 109 246 198 183 5 163 212 6 14 148 235 83 114 152 159 73 52 121 65 203 127 86 158 200 132 160 119 151 93 113 181 224 15 71 29 7 36 211 231 77 167 84 177 242 191 234 154 101 89 172 150 20 245 126 50 80 124 18 44 47 209 12 56 153 115 220 106 74 46 88 28 38 75 138 78 24 102 192 226 48 253 221 66 64 141 175 143 122 207 165 125 251 236 155 135 100 30 4 149 161 233 130 81 51 140 60 0 227 184 117 42 156 178 97 90 157 72 136 241 34 59 16 248 23 195 43 79 62 173 244 131 174 187 176 229 85 118 243 120 95 238 218 27 25 237 204 68 179 219 8 33 180 142 199 103 92 137 216 210 105 255 94 202 213 189 164 182 63 107 70 129 162 19 247 98 208 254 240 194 9 147 188 134 166 108 54 69 215 139 49 39 196 197 230 201 223 22 53 55 40 206 232 190 205 110 170 37 58 11 35 169 91 3 128 171 123 214 10 96 185 225 82 17 112 99 67 228 2 146 193 21 249 45 239 87 61 104 133 31 76 252 32 26 144 111 13 186 41 217 116 
[ 304.            3.82507443    4.67807198  255.            0.            2.
    6.            0.          249.        ]
222 1 57 145 168 250 109 246 198 183 5 163 212 6 14 148 235 83 114 152 159 73 52 121 65 203 127 86 158 200 132 160 119 151 93 113 181 224 15 71 29 7 36 211 231 77 167 84 177 242 191 234 154 101 89 172 150 20 245 126 50 80 124 18 44 47 209 12 56 153 115 220 106 74 46 88 28 38 75 138 78 24 102 192 226 48 253 221 66 64 141 175 143 122 207 165 125 251 236 155 135 100 30 4 149 161 233 130 81 51 140 60 0 227 184 117 42 156 178 97 90 157 72 136 241 34 59 16 248 23 195 43 79 62 173 244 131 174 187 176 229 85 118 243 120 95 238 218 27 25 237 204 68 179 219 8 33 180 142 199 103 92 137 216 210 105 255 94 202 213 189 164 182 63 107 70 129 162 19 247 98 208 254 240 194 9 147 188 134 166 108 54 69 215 139 49 39 196 197 230 201 223 22 53 55 40 206 232 190 205 110 170 37 58 11 35 169 91 3 128 171 123 214 10 96 185 225 82 17 112 99 67 228 2 146 193 21 249 45 239 87 61 104 133 31 76 252 32 26 144 111 13 186 41 217 116 
[ 304.            3.82507443    4.67807198  255.            0.            2.
    6.            0.          250.        ]
222 1 57 145 168 250 109 246 198 183 5 163 212 6 14 148 235 83 114 152 159 73 52 121 65 203 127 86 158 200 132 160 119 151 93 113 181 224 15 71 29 7 36 211 231 77 167 84 177 242 191 234 154 101 89 172 150 20 245 126 50 80 124 18 44 47 209 12 56 153 115 220 106 74 46 88 28 38 75 138 78 24 102 192 226 48 253 221 66 64 141 175 143 122 207 165 125 251 236 155 135 100 30 4 149 161 233 130 81 51 140 60 0 227 184 117 42 156 178 97 90 157 72 136 241 34 59 16 248 23 195 43 79 62 173 244 131 174 187 176 229 85 118 243 120 95 238 218 27 25 237 204 68 179 219 8 33 180 142 199 103 92 137 216 210 105 255 94 202 213 189 164 182 63 107 70 129 162 19 247 98 208 254 240 194 9 147 188 134 166 108 54 69 215 139 49 39 196 197 230 201 223 22 53 55 40 206 232 190 205 110 170 37 58 11 35 169 91 3 128 171 123 214 10 96 185 225 82 17 112 99 67 228 2 146 193 21 249 45 239 87 61 104 133 31 76 252 32 26 144 111 13 186 41 217 116 
[ 304.            3.82507443    4.67807198  255.            0.            2.
    6.            0.          251.        ]
222 1 57 145 168 250 109 246 198 183 5 163 212 6 14 148 235 83 114 152 159 73 52 121 65 203 127 86 158 200 132 160 119 151 93 113 181 224 15 71 29 7 36 211 231 77 167 84 177 242 191 234 154 101 89 172 150 20 245 126 50 80 124 18 44 47 209 12 56 153 115 220 106 74 46 88 28 38 75 138 78 24 102 192 226 48 253 221 66 64 141 175 143 122 207 165 125 251 236 155 135 100 30 4 149 161 233 130 81 51 140 60 0 227 184 117 42 156 178 97 90 157 72 136 241 34 59 16 248 23 195 43 79 62 173 244 131 174 187 176 229 85 118 243 120 95 238 218 27 25 237 204 68 179 219 8 33 180 142 199 103 92 137 216 210 105 255 94 202 213 189 164 182 63 107 70 129 162 19 247 98 208 254 240 194 9 147 188 134 166 108 54 69 215 139 49 39 196 197 230 201 223 22 53 55 40 206 232 190 205 110 170 37 58 11 35 169 91 3 128 171 123 214 10 96 185 225 82 17 112 99 67 228 2 146 193 21 249 45 239 87 61 104 133 31 76 252 32 26 144 111 13 186 41 217 116 
[ 304.            3.82507443    4.67807198  255.            0.            2.
    6.            0.          252.        ]
222 1 57 145 168 250 109 246 198 183 5 163 212 6 14 148 235 83 114 152 159 73 52 121 65 203 127 86 158 200 132 160 119 151 93 113 181 224 15 71 29 7 36 211 231 77 167 84 177 242 191 234 154 101 89 172 150 20 245 126 50 80 124 18 44 47 209 12 56 153 115 220 106 74 46 88 28 38 75 138 78 24 102 192 226 48 253 221 66 64 141 175 143 122 207 165 125 251 236 155 135 100 30 4 149 161 233 130 81 51 140 60 0 227 184 117 42 156 178 97 90 157 72 136 241 34 59 16 248 23 195 43 79 62 173 244 131 174 187 176 229 85 118 243 120 95 238 218 27 25 237 204 68 179 219 8 33 180 142 199 103 92 137 216 210 105 255 94 202 213 189 164 182 63 107 70 129 162 19 247 98 208 254 240 194 9 147 188 134 166 108 54 69 215 139 49 39 196 197 230 201 223 22 53 55 40 206 232 190 205 110 170 37 58 11 35 169 91 3 128 171 123 214 10 96 185 225 82 17 112 99 67 228 2 146 193 21 249 45 239 87 61 104 133 31 76 252 32 26 144 111 13 186 41 217 116 
[ 304.            3.82507443    4.67807198  255.            0.            2.
    6.            0.          253.        ]
222 1 57 145 168 250 109 246 198 183 5 163 212 6 14 148 235 83 114 152 159 73 52 121 65 203 127 86 158 200 132 160 119 151 93 113 181 224 15 71 29 7 36 211 231 77 167 84 177 242 191 234 154 101 89 172 150 20 245 126 50 80 124 18 44 47 209 12 56 153 115 220 106 74 46 88 28 38 75 138 78 24 102 192 226 48 253 221 66 64 141 175 143 122 207 165 125 251 236 155 135 100 30 4 149 161 233 130 81 51 140 60 0 227 184 117 42 156 178 97 90 157 72 136 241 34 59 16 248 23 195 43 79 62 173 244 131 174 187 176 229 85 118 243 120 95 238 218 27 25 237 204 68 179 219 8 33 180 142 199 103 92 137 216 210 105 255 94 202 213 189 164 182 63 107 70 129 162 19 247 98 208 254 240 194 9 147 188 134 166 108 54 69 215 139 49 39 196 197 230 201 223 22 53 55 40 206 232 190 205 110 170 37 58 11 35 169 91 3 128 171 123 214 10 96 185 225 82 17 112 99 67 228 2 146 193 21 249 45 239 87 61 104 133 31 76 252 32 26 144 111 13 186 41 217 116 
[ 304.            3.82507443    4.67807198  255.            0.            2.
    6.            0.          254.        ]
222 1 57 145 168 250 109 246 198 183 5 163 212 6 14 148 235 83 114 152 159 73 52 121 65 203 127 86 158 200 132 160 119 151 93 113 181 224 15 71 29 7 36 211 231 77 167 84 177 242 191 234 154 101 89 172 150 20 245 126 50 80 124 18 44 47 209 12 56 153 115 220 106 74 46 88 28 38 75 138 78 24 102 192 226 48 253 221 66 64 141 175 143 122 207 165 125 251 236 155 135 100 30 4 149 161 233 130 81 51 140 60 0 227 184 117 42 156 178 97 90 157 72 136 241 34 59 16 248 23 195 43 79 62 173 244 131 174 187 176 229 85 118 243 120 95 238 218 27 25 237 204 68 179 219 8 33 180 142 199 103 92 137 216 210 105 255 94 202 213 189 164 182 63 107 70 129 162 19 247 98 208 254 240 194 9 147 188 134 166 108 54 69 215 139 49 39 196 197 230 201 223 22 53 55 40 206 232 190 205 110 170 37 58 11 35 169 91 3 128 171 123 214 10 96 185 225 82 17 112 99 67 228 2 146 193 21 249 45 239 87 61 104 133 31 76 252 32 26 144 111 13 186 41 217 116 
[ 304.            3.82507443    4.67807198  255.            0.            2.
    6.            0.          255.        ]
222 1 57 145 168 250 109 246 198 183 5 163 212 6 14 148 235 83 114 152 159 73 52 121 65 203 127 86 158 200 132 160 119 151 93 113 181 224 15 71 29 7 36 211 231 77 167 84 177 242 191 234 154 101 89 172 150 20 245 126 50 80 124 18 44 47 209 12 56 153 115 220 106 74 46 88 28 38 75 138 78 24 102 192 226 48 253 221 66 64 141 175 143 122 207 165 125 251 236 155 135 100 30 4 149 161 233 130 81 51 140 60 0 227 184 117 42 156 178 97 90 157 72 136 241 34 59 16 248 23 195 43 79 62 173 244 131 174 187 176 229 85 118 243 120 95 238 218 27 25 237 204 68 179 219 8 33 180 142 199 103 92 137 216 210 105 255 94 202 213 189 164 182 63 107 70 129 162 19 247 98 208 254 240 194 9 147 188 134 166 108 54 69 215 139 49 39 196 197 230 201 223 22 53 55 40 206 232 190 205 110 170 37 58 11 35 169 91 3 128 171 123 214 10 96 185 225 82 17 112 99 67 228 2 146 193 21 249 45 239 87 61 104 133 31 76 252 32 26 144 111 13 186 41 217 116 
[ 304.            3.82507443    4.67807198  255.            0.            2.
    6.            0.          256.        ]
222 1 57 145 168 250 109 246 198 183 5 163 212 6 14 148 235 83 114 152 159 73 52 121 65 203 127 86 158 200 132 160 119 151 93 113 181 224 15 71 29 7 36 211 231 77 167 84 177 242 191 234 154 101 89 172 150 20 245 126 50 80 124 18 44 47 209 12 56 153 115 220 106 74 46 88 28 38 75 138 78 24 102 192 226 48 253 221 66 64 141 175 143 122 207 165 125 251 236 155 135 100 30 4 149 161 233 130 81 51 140 60 0 227 184 117 42 156 178 97 90 157 72 136 241 34 59 16 248 23 195 43 79 62 173 244 131 174 187 176 229 85 118 243 120 95 238 218 27 25 237 204 68 179 219 8 33 180 142 199 103 92 137 216 210 105 255 94 202 213 189 164 182 63 107 70 129 162 19 247 98 208 254 240 194 9 147 188 134 166 108 54 69 215 139 49 39 196 197 230 201 223 22 53 55 40 206 232 190 205 110 170 37 58 11 35 169 91 3 128 171 123 214 10 96 185 225 82 17 112 99 67 228 2 146 193 21 249 45 239 87 61 104 133 31 76 252 32 26 144 111 13 186 41 217 116 
[ 304.            3.82507443    4.67807198  255.            0.            2.
    6.            0.          257.        ]
222 1 57 145 168 250 109 246 198 183 5 163 212 6 14 148 235 83 114 152 159 73 52 121 65 203 127 86 158 200 132 160 119 151 93 113 181 224 15 71 29 7 36 211 231 77 167 84 177 242 191 234 154 101 89 172 150 20 245 126 50 80 124 18 44 47 209 12 56 153 115 220 106 74 46 88 28 38 75 138 78 24 102 192 226 48 253 221 66 64 141 175 143 122 207 165 125 251 236 155 135 100 30 4 149 161 233 130 81 51 140 60 0 227 184 117 42 156 178 97 90 157 72 136 241 34 59 16 248 23 195 43 79 62 173 244 131 174 187 176 229 85 118 243 120 95 238 218 27 25 237 204 68 179 219 8 33 180 142 199 103 92 137 216 210 105 255 94 202 213 189 164 182 63 107 70 129 162 19 247 98 208 254 240 194 9 147 188 134 166 108 54 69 215 139 49 39 196 197 230 201 223 22 53 55 40 206 232 190 205 110 170 37 58 11 35 169 91 3 128 171 123 214 10 96 185 225 82 17 112 99 67 228 2 146 193 21 249 45 239 87 61 104 133 31 76 252 32 26 144 111 13 186 41 217 116 
[ 304.            3.82507443    4.67807198  255.            0.            2.
    6.            0.          258.        ]
222 1 57 145 168 250 109 246 198 183 5 163 212 6 14 148 235 83 114 152 159 73 52 121 65 203 127 86 158 200 132 160 119 151 93 113 181 224 15 71 29 7 36 211 231 77 167 84 177 242 191 234 154 101 89 172 150 20 245 126 50 80 124 18 44 47 209 12 56 153 115 220 106 74 46 88 28 38 75 138 78 24 102 192 226 48 253 221 66 64 141 175 143 122 207 165 125 251 236 155 135 100 30 4 149 161 233 130 81 51 140 60 0 227 184 117 42 156 178 97 90 157 72 136 241 34 59 16 248 23 195 43 79 62 173 244 131 174 187 176 229 85 118 243 120 95 238 218 27 25 237 204 68 179 219 8 33 180 142 199 103 92 137 216 210 105 255 94 202 213 189 164 182 63 107 70 129 162 19 247 98 208 254 240 194 9 147 188 134 166 108 54 69 215 139 49 39 196 197 230 201 223 22 53 55 40 206 232 190 205 110 170 37 58 11 35 169 91 3 128 171 123 214 10 96 185 225 82 17 112 99 67 228 2 146 193 21 249 45 239 87 61 104 133 31 76 252 32 26 144 111 13 186 41 217 116 
[ 304.            3.82507443    4.67807198  255.            0.            2.
    6.            0.          259.        ]
222 1 57 145 168 250 109 246 198 183 5 163 212 6 14 148 235 83 114 152 159 73 52 121 65 203 127 86 158 200 132 160 119 151 93 113 181 224 15 71 29 7 36 211 231 77 167 84 177 242 191 234 154 101 89 172 150 20 245 126 50 80 124 18 44 47 209 12 56 153 115 220 106 74 46 88 28 38 75 138 78 24 102 192 226 48 253 221 66 64 141 175 143 122 207 165 125 251 236 155 135 100 30 4 149 161 233 130 81 51 140 60 0 227 184 117 42 156 178 97 90 157 72 136 241 34 59 16 248 23 195 43 79 62 173 244 131 174 187 176 229 85 118 243 120 95 238 218 27 25 237 204 68 179 219 8 33 180 142 199 103 92 137 216 210 105 255 94 202 213 189 164 182 63 107 70 129 162 19 247 98 208 254 240 194 9 147 188 134 166 108 54 69 215 139 49 39 196 197 230 201 223 22 53 55 40 206 232 190 205 110 170 37 58 11 35 169 91 3 128 171 123 214 10 96 185 225 82 17 112 99 67 228 2 146 193 21 249 45 239 87 61 104 133 31 76 252 32 26 144 111 13 186 41 217 116 
[ 304.            3.82507443    4.67807198  255.            0.            2.
    6.            0.          260.        ]
222 1 57 145 168 250 109 246 198 183 5 163 212 6 14 148 235 83 114 152 159 73 52 121 65 203 127 86 158 200 132 160 119 151 93 113 181 224 15 71 29 7 36 211 231 77 167 84 177 242 191 234 154 101 89 172 150 20 245 126 50 80 124 18 44 47 209 12 56 153 115 220 106 74 46 88 28 38 75 138 78 24 102 192 226 48 253 221 66 64 141 175 143 122 207 165 125 251 236 155 135 100 30 4 149 161 233 130 81 51 140 60 0 227 184 117 42 156 178 97 90 157 72 136 241 34 59 16 248 23 195 43 79 62 173 244 131 174 187 176 229 85 118 243 120 95 238 218 27 25 237 204 68 179 219 8 33 180 142 199 103 92 137 216 210 105 255 94 202 213 189 164 182 63 107 70 129 162 19 247 98 208 254 240 194 9 147 188 134 166 108 54 69 215 139 49 39 196 197 230 201 223 22 53 55 40 206 232 190 205 110 170 37 58 11 35 169 91 3 128 171 123 214 10 96 185 225 82 17 112 99 67 228 2 146 193 21 249 45 239 87 61 104 133 31 76 252 32 26 144 111 13 186 41 217 116 
[ 304.            3.82507443    4.67807198  255.            0.            2.
    6.            0.          261.        ]
222 1 57 145 168 250 109 246 198 183 5 163 212 6 14 148 235 83 114 152 159 73 52 121 65 203 127 86 158 200 132 160 119 151 93 113 181 224 15 71 29 7 36 211 231 77 167 84 177 242 191 234 154 101 89 172 150 20 245 126 50 80 124 18 44 47 209 12 56 153 115 220 106 74 46 88 28 38 75 138 78 24 102 192 226 48 253 221 66 64 141 175 143 122 207 165 125 251 236 155 135 100 30 4 149 161 233 130 81 51 140 60 0 227 184 117 42 156 178 97 90 157 72 136 241 34 59 16 248 23 195 43 79 62 173 244 131 174 187 176 229 85 118 243 120 95 238 218 27 25 237 204 68 179 219 8 33 180 142 199 103 92 137 216 210 105 255 94 202 213 189 164 182 63 107 70 129 162 19 247 98 208 254 240 194 9 147 188 134 166 108 54 69 215 139 49 39 196 197 230 201 223 22 53 55 40 206 232 190 205 110 170 37 58 11 35 169 91 3 128 171 123 214 10 96 185 225 82 17 112 99 67 228 2 146 193 21 249 45 239 87 61 104 133 31 76 252 32 26 144 111 13 186 41 217 116 
[ 304.            3.82507443    4.67807198  255.            0.            2.
    6.            0.          262.        ]
222 1 57 145 168 250 109 246 198 183 5 163 212 6 14 148 235 83 114 152 159 73 52 121 65 203 127 86 158 200 132 160 119 151 93 113 181 224 15 71 29 7 36 211 231 77 167 84 177 242 191 234 154 101 89 172 150 20 245 126 50 80 124 18 44 47 209 12 56 153 115 220 106 74 46 88 28 38 75 138 78 24 102 192 226 48 253 221 66 64 141 175 143 122 207 165 125 251 236 155 135 100 30 4 149 161 233 130 81 51 140 60 0 227 184 117 42 156 178 97 90 157 72 136 241 34 59 16 248 23 195 43 79 62 173 244 131 174 187 176 229 85 118 243 120 95 238 218 27 25 237 204 68 179 219 8 33 180 142 199 103 92 137 216 210 105 255 94 202 213 189 164 182 63 107 70 129 162 19 247 98 208 254 240 194 9 147 188 134 166 108 54 69 215 139 49 39 196 197 230 201 223 22 53 55 40 206 232 190 205 110 170 37 58 11 35 169 91 3 128 171 123 214 10 96 185 225 82 17 112 99 67 228 2 146 193 21 249 45 239 87 61 104 133 31 76 252 32 26 144 111 13 186 41 217 116 
[ 304.            3.82507443    4.67807198  255.            0.            2.
    6.            0.          263.        ]
222 1 57 145 168 250 109 246 198 183 5 163 212 6 14 148 235 83 114 152 159 73 52 121 65 203 127 86 158 200 132 160 119 151 93 113 181 224 15 71 29 7 36 211 231 77 167 84 177 242 191 234 154 101 89 172 150 20 245 126 50 80 124 18 44 47 209 12 56 153 115 220 106 74 46 88 28 38 75 138 78 24 102 192 226 48 253 221 66 64 141 175 143 122 207 165 125 251 236 155 135 100 30 4 149 161 233 130 81 51 140 60 0 227 184 117 42 156 178 97 90 157 72 136 241 34 59 16 248 23 195 43 79 62 173 244 131 174 187 176 229 85 118 243 120 95 238 218 27 25 237 204 68 179 219 8 33 180 142 199 103 92 137 216 210 105 255 94 202 213 189 164 182 63 107 70 129 162 19 247 98 208 254 240 194 9 147 188 134 166 108 54 69 215 139 49 39 196 197 230 201 223 22 53 55 40 206 232 190 205 110 170 37 58 11 35 169 91 3 128 171 123 214 10 96 185 225 82 17 112 99 67 228 2 146 193 21 249 45 239 87 61 104 133 31 76 252 32 26 144 111 13 186 41 217 116 
[ 304.            3.82507443    4.67807198  255.            0.            2.
    6.            0.          264.        ]
222 1 57 145 168 250 109 246 198 183 5 163 212 6 14 148 235 83 114 152 159 73 52 121 65 203 127 86 158 200 132 160 119 151 93 113 181 224 15 71 29 7 36 211 231 77 167 84 177 242 191 234 154 101 89 172 150 20 245 126 50 80 124 18 44 47 209 12 56 153 115 220 106 74 46 88 28 38 75 138 78 24 102 192 226 48 253 221 66 64 141 175 143 122 207 165 125 251 236 155 135 100 30 4 149 161 233 130 81 51 140 60 0 227 184 117 42 156 178 97 90 157 72 136 241 34 59 16 248 23 195 43 79 62 173 244 131 174 187 176 229 85 118 243 120 95 238 218 27 25 237 204 68 179 219 8 33 180 142 199 103 92 137 216 210 105 255 94 202 213 189 164 182 63 107 70 129 162 19 247 98 208 254 240 194 9 147 188 134 166 108 54 69 215 139 49 39 196 197 230 201 223 22 53 55 40 206 232 190 205 110 170 37 58 11 35 169 91 3 128 171 123 214 10 96 185 225 82 17 112 99 67 228 2 146 193 21 249 45 239 87 61 104 133 31 76 252 32 26 144 111 13 186 41 217 116 
[ 304.            3.82507443    4.67807198  255.            0.            2.
    6.            0.          265.        ]
222 1 57 145 168 250 109 246 198 183 5 163 212 6 14 148 235 83 114 152 159 73 52 121 65 203 127 86 158 200 132 160 119 151 93 113 181 224 15 71 29 7 36 211 231 77 167 84 177 242 191 234 154 101 89 172 150 20 245 126 50 80 124 18 44 47 209 12 56 153 115 220 106 74 46 88 28 38 75 138 78 24 102 192 226 48 253 221 66 64 141 175 143 122 207 165 125 251 236 155 135 100 30 4 149 161 233 130 81 51 140 60 0 227 184 117 42 156 178 97 90 157 72 136 241 34 59 16 248 23 195 43 79 62 173 244 131 174 187 176 229 85 118 243 120 95 238 218 27 25 237 204 68 179 219 8 33 180 142 199 103 92 137 216 210 105 255 94 202 213 189 164 182 63 107 70 129 162 19 247 98 208 254 240 194 9 147 188 134 166 108 54 69 215 139 49 39 196 197 230 201 223 22 53 55 40 206 232 190 205 110 170 37 58 11 35 169 91 3 128 171 123 214 10 96 185 225 82 17 112 99 67 228 2 146 193 21 249 45 239 87 61 104 133 31 76 252 32 26 144 111 13 186 41 217 116 
[ 304.            3.82507443    4.67807198  255.            0.            2.
    6.            0.          266.        ]
222 1 57 145 168 250 109 246 198 183 5 163 212 6 14 148 235 83 114 152 159 73 52 121 65 203 127 86 158 200 132 160 119 151 93 113 181 224 15 71 29 7 36 211 231 77 167 84 177 242 191 234 154 101 89 172 150 20 245 126 50 80 124 18 44 47 209 12 56 153 115 220 106 74 46 88 28 38 75 138 78 24 102 192 226 48 253 221 66 64 141 175 143 122 207 165 125 251 236 155 135 100 30 4 149 161 233 130 81 51 140 60 0 227 184 117 42 156 178 97 90 157 72 136 241 34 59 16 248 23 195 43 79 62 173 244 131 174 187 176 229 85 118 243 120 95 238 218 27 25 237 204 68 179 219 8 33 180 142 199 103 92 137 216 210 105 255 94 202 213 189 164 182 63 107 70 129 162 19 247 98 208 254 240 194 9 147 188 134 166 108 54 69 215 139 49 39 196 197 230 201 223 22 53 55 40 206 232 190 205 110 170 37 58 11 35 169 91 3 128 171 123 214 10 96 185 225 82 17 112 99 67 228 2 146 193 21 249 45 239 87 61 104 133 31 76 252 32 26 144 111 13 186 41 217 116 
[ 304.            3.82507443    4.67807198  255.            0.            2.
    6.            0.          267.        ]
222 1 57 145 168 250 109 246 198 183 5 163 212 6 14 148 235 83 114 152 159 73 52 121 65 203 127 86 158 200 132 160 119 151 93 113 181 224 15 71 29 7 36 211 231 77 167 84 177 242 191 234 154 101 89 172 150 20 245 126 50 80 124 18 44 47 209 12 56 153 115 220 106 74 46 88 28 38 75 138 78 24 102 192 226 48 253 221 66 64 141 175 143 122 207 165 125 251 236 155 135 100 30 4 149 161 233 130 81 51 140 60 0 227 184 117 42 156 178 97 90 157 72 136 241 34 59 16 248 23 195 43 79 62 173 244 131 174 187 176 229 85 118 243 120 95 238 218 27 25 237 204 68 179 219 8 33 180 142 199 103 92 137 216 210 105 255 94 202 213 189 164 182 63 107 70 129 162 19 247 98 208 254 240 194 9 147 188 134 166 108 54 69 215 139 49 39 196 197 230 201 223 22 53 55 40 206 232 190 205 110 170 37 58 11 35 169 91 3 128 171 123 214 10 96 185 225 82 17 112 99 67 228 2 146 193 21 249 45 239 87 61 104 133 31 76 252 32 26 144 111 13 186 41 217 116 
[ 304.            3.82507443    4.67807198  255.            0.            2.
    6.            0.          268.        ]
222 1 57 145 168 250 109 246 198 183 5 163 212 6 14 148 235 83 114 152 159 73 52 121 65 203 127 86 158 200 132 160 119 151 93 113 181 224 15 71 29 7 36 211 231 77 167 84 177 242 191 234 154 101 89 172 150 20 245 126 50 80 124 18 44 47 209 12 56 153 115 220 106 74 46 88 28 38 75 138 78 24 102 192 226 48 253 221 66 64 141 175 143 122 207 165 125 251 236 155 135 100 30 4 149 161 233 130 81 51 140 60 0 227 184 117 42 156 178 97 90 157 72 136 241 34 59 16 248 23 195 43 79 62 173 244 131 174 187 176 229 85 118 243 120 95 238 218 27 25 237 204 68 179 219 8 33 180 142 199 103 92 137 216 210 105 255 94 202 213 189 164 182 63 107 70 129 162 19 247 98 208 254 240 194 9 147 188 134 166 108 54 69 215 139 49 39 196 197 230 201 223 22 53 55 40 206 232 190 205 110 170 37 58 11 35 169 91 3 128 171 123 214 10 96 185 225 82 17 112 99 67 228 2 146 193 21 249 45 239 87 61 104 133 31 76 252 32 26 144 111 13 186 41 217 116 
[ 304.            3.82507443    4.67807198  255.            0.            2.
    6.            0.          269.        ]
222 1 57 145 168 250 109 246 198 183 5 163 212 6 14 148 235 83 114 152 159 73 52 121 65 203 127 86 158 200 132 160 119 151 93 113 181 224 15 71 29 7 36 211 231 77 167 84 177 242 191 234 154 101 89 172 150 20 245 126 50 80 124 18 44 47 209 12 56 153 115 220 106 74 46 88 28 38 75 138 78 24 102 192 226 48 253 221 66 64 141 175 143 122 207 165 125 251 236 155 135 100 30 4 149 161 233 130 81 51 140 60 0 227 184 117 42 156 178 97 90 157 72 136 241 34 59 16 248 23 195 43 79 62 173 244 131 174 187 176 229 85 118 243 120 95 238 218 27 25 237 204 68 179 219 8 33 180 142 199 103 92 137 216 210 105 255 94 202 213 189 164 182 63 107 70 129 162 19 247 98 208 254 240 194 9 147 188 134 166 108 54 69 215 139 49 39 196 197 230 201 223 22 53 55 40 206 232 190 205 110 170 37 58 11 35 169 91 3 128 171 123 214 10 96 185 225 82 17 112 99 67 228 2 146 193 21 249 45 239 87 61 104 133 31 76 252 32 26 144 111 13 186 41 217 116 
[ 255.            4.18621874    4.67807198  255.            0.            2.
    7.            0.          617.        ]
193 144 213 141 31 19 149 190 85 154 108 196 113 255 106 41 120 225 109 230 79 142 127 173 60 49 58 57 71 52 251 157 13 2 63 179 59 227 207 8 174 208 118 48 42 73 117 53 55 43 5 243 152 201 135 146 75 38 84 223 123 148 32 61 219 107 212 115 125 247 56 91 39 132 206 234 70 80 143 220 40 160 166 69 7 100 222 131 211 167 124 6 139 121 216 252 103 199 248 130 22 68 88 23 156 24 228 254 153 30 226 232 90 186 185 96 46 209 50 98 189 10 74 76 66 16 67 191 9 82 182 1 239 36 245 164 184 168 93 197 158 178 134 242 140 78 233 170 237 126 27 241 194 181 29 105 217 238 136 180 114 176 162 37 95 94 110 119 250 33 210 150 244 112 165 83 169 163 235 17 175 231 151 183 116 133 204 215 35 34 240 172 89 64 138 129 111 236 249 97 101 21 200 246 145 224 177 3 87 65 202 12 26 203 15 44 11 54 171 51 18 81 159 229 4 147 0 205 195 122 86 192 198 218 214 62 47 187 128 155 188 253 28 14 25 161 104 20 45 221 92 102 137 72 77 99 
[ 290.            4.            4.67807198  255.            0.            2.
    6.            0.          802.        ]
0 220 137 248 221 118 8 20 39 84 142 61 239 127 246 23 132 28 131 168 85 24 81 119 237 138 59 203 225 182 130 108 123 235 167 188 63 17 210 55 62 201 80 150 122 165 9 204 52 233 250 232 90 196 198 145 33 219 144 29 98 214 1 206 212 44 148 179 37 245 117 12 181 147 170 72 172 82 230 93 103 159 53 197 42 74 68 176 69 54 58 70 126 243 238 169 209 64 136 143 3 116 135 163 162 141 157 164 134 48 171 5 16 153 76 175 71 40 213 166 194 115 95 190 111 215 18 241 92 224 36 21 151 41 77 154 34 231 87 43 205 89 158 183 200 73 149 107 255 109 79 193 207 49 104 202 94 10 105 242 60 51 78 217 251 102 180 249 32 244 229 161 91 65 11 189 7 139 128 22 45 160 240 156 47 2 83 195 218 186 86 56 247 253 96 199 113 88 192 185 38 4 19 25 133 125 211 112 155 75 27 178 31 234 226 14 222 46 184 66 110 140 191 6 120 227 177 223 228 30 57 35 114 208 106 252 50 236 173 187 15 124 100 13 254 97 99 146 216 121 67 129 152 26 174 101 

Random searching with population size: 30 and generation count: 900
genome: PERMUTATION (True, 8, 8) criterion: DP_MAX

[ 287.            4.            4.67807198  255.            0.            2.
    7.            0.          713.        ]
124 131 115 208 47 80 3 194 142 48 95 94 4 163 181 177 155 189 68 38 199 81 36 170 45 1 103 234 144 136 211 49 166 241 8 213 90 22 57 23 221 13 118 21 130 156 12 196 55 72 209 105 30 227 32 109 78 27 240 145 191 62 134 60 50 92 73 121 11 173 113 183 87 33 54 228 132 225 117 128 7 141 255 150 252 83 154 122 15 67 58 97 133 253 180 179 171 63 217 111 143 93 106 229 51 146 164 184 129 185 18 112 74 25 2 204 169 188 43 233 24 178 152 37 151 34 149 210 186 158 102 249 190 182 40 239 100 218 69 223 19 84 65 85 64 35 42 138 104 91 244 82 77 108 250 71 237 248 162 176 254 219 167 66 46 125 127 251 5 235 216 168 214 26 56 41 75 114 202 243 107 174 205 16 232 86 157 220 203 200 44 17 96 119 242 192 99 116 140 226 59 120 61 0 187 9 159 161 215 147 212 193 246 31 175 139 14 198 89 201 231 39 53 20 197 135 160 222 195 206 224 236 123 98 79 207 52 165 247 101 153 172 137 88 10 29 230 110 126 148 238 245 70 28 76 6 
[ 338.            3.82507443    4.67807198  255.            0.            2.
    6.            0.          797.        ]
60 234 150 161 112 220 20 17 224 110 124 232 14 149 68 5 19 138 79 141 198 209 225 52 134 1 205 26 63 47 147 8 128 42 200 106 109 45 24 181 189 246 16 38 184 162 169 248 11 216 18 4 71 251 178 175 75 83 183 123 3 96 121 99 254 249 255 253 23 177 202 34 43 66 115 212 238 174 233 2 93 101 72 176 132 204 187 87 229 167 154 30 244 179 158 113 111 192 125 173 12 243 237 250 59 214 88 203 13 140 142 227 98 241 221 53 215 40 95 180 201 210 32 91 195 139 70 48 151 94 77 0 36 242 80 22 9 160 218 213 107 56 240 153 230 211 85 226 67 103 136 64 247 21 186 28 61 41 84 252 92 31 133 97 118 135 191 236 122 54 223 207 105 69 27 245 44 58 15 86 197 89 29 190 108 50 208 217 126 168 155 143 148 152 193 222 62 165 171 33 82 145 199 57 194 159 55 102 156 166 172 231 65 10 219 114 164 100 163 228 120 39 144 25 49 104 137 116 90 7 46 157 206 117 129 127 235 78 76 182 146 35 37 6 188 51 196 170 119 73 130 131 81 185 74 239 
[ 251.            3.82507443    5.          255.            0.            2.
    7.            0.          960.        ]
14 191 189 61 12 136 99 103 147 143 40 25 77 113 100 16 89 70 150 235 141 186 198 200 227 11 158 236 73 102 91 8 122 214 185 112 38 71 148 29 203 201 223 104 255 116 39 195 53 22 17 10 232 226 197 202 199 222 101 55 33 211 24 62 246 111 34 94 32 156 19 181 212 117 7 2 218 107 109 247 75 241 213 69 135 188 224 144 196 84 146 28 54 155 110 48 118 123 132 3 128 220 248 47 251 238 163 120 242 63 192 35 76 119 183 115 131 93 97 239 176 68 207 215 31 180 174 64 49 105 139 41 121 45 190 194 21 4 114 138 78 208 179 167 86 134 46 87 90 168 67 233 151 157 27 142 193 173 162 9 161 92 50 137 231 13 65 18 166 164 253 127 44 26 252 36 59 43 245 37 79 169 153 80 240 234 237 178 205 98 229 216 125 204 210 20 154 126 133 140 130 152 129 56 250 108 42 60 230 175 15 106 254 206 165 52 124 83 72 74 66 209 30 221 187 82 159 160 96 88 85 244 95 5 23 249 177 170 57 171 219 225 1 182 243 0 217 81 228 184 58 149 145 6 172 51 
[  290.             3.66015005     4.67807198   255.             0.             2.
     7.             0.          1005.        ]
62 83 190 250 29 60 181 203 234 25 176 185 248 10 198 253 180 11 8 169 245 158 173 19 93 172 76 23 35 69 75 197 124 127 235 46 63 228 36 117 163 151 41 156 47 45 119 243 184 141 194 138 171 94 164 222 38 200 104 20 132 107 71 249 7 162 21 237 150 126 116 100 50 15 98 227 166 16 57 178 129 95 192 168 17 183 5 87 240 148 66 26 96 153 113 65 106 56 86 146 55 174 3 196 255 78 154 53 133 195 33 2 221 157 4 114 61 207 64 120 48 73 44 40 77 30 226 31 12 225 112 89 102 244 238 188 211 213 74 202 27 144 223 201 130 152 131 187 13 216 72 99 231 90 6 155 206 59 80 175 242 42 219 186 103 239 210 58 0 54 230 88 170 108 241 110 101 177 136 135 137 67 97 109 68 159 208 251 233 14 49 111 246 9 215 220 212 121 70 142 191 204 165 139 22 189 252 105 209 167 193 224 134 179 85 122 214 182 24 161 34 254 149 147 218 123 91 232 79 229 82 205 160 247 118 51 81 115 32 84 18 140 52 43 92 39 37 128 28 217 199 236 1 145 125 143 
[  287.             4.             4.67807198   255.             0.             2.
     7.             0.          1175.        ]
185 240 79 154 186 116 28 150 148 195 166 55 141 147 144 64 224 10 92 188 99 136 112 131 118 33 169 149 44 207 160 85 199 216 193 24 73 251 71 165 17 254 182 82 162 110 41 183 106 255 40 171 215 37 91 135 191 158 95 103 227 181 58 248 97 21 122 72 31 94 211 133 153 42 250 159 84 198 130 204 3 49 129 12 90 68 80 137 126 47 170 70 7 134 243 177 203 9 128 192 48 196 13 163 4 61 164 52 86 173 25 226 219 54 101 197 235 15 0 145 30 143 244 228 105 125 176 213 113 161 6 43 139 245 102 220 229 23 231 76 93 201 152 107 156 175 214 34 127 96 205 115 225 142 20 63 132 119 38 75 66 200 238 210 155 81 109 202 35 168 60 2 120 74 206 14 89 233 100 222 11 179 57 50 237 247 194 157 117 51 249 45 140 172 69 212 234 230 36 111 178 87 236 26 78 27 62 187 56 83 208 8 146 108 1 180 232 184 98 5 18 241 223 174 29 77 65 124 242 32 217 246 19 190 253 138 67 88 53 189 209 22 221 252 218 104 123 59 239 114 167 16 151 39 46 121 

Usage: python experiments.py n
Where n is number of experiment
1 - deteriming of best probabilities of mutation and crossover
2 - GA vs. EDA comparison
3 - ParallelRandom parameters
4 - Vega and Spea parameters
Exited with status: 1
