Random searching with population size: 30 and generation count: 900
genome: PERMUTATION (True, 8, 8) criterion: DP_MAX

[ 314.            3.82507443    4.67807198  255.            0.            2.
    6.            0.          278.        ]
26 12 168 225 2 79 181 146 133 106 124 73 197 8 88 158 194 114 171 163 253 147 226 67 162 237 125 134 96 83 183 204 9 105 229 243 115 241 130 217 21 38 164 5 113 13 6 120 150 84 54 230 166 27 15 47 239 155 46 98 213 185 62 214 248 215 87 200 238 4 218 137 77 223 143 97 195 89 201 252 139 154 104 246 80 179 94 148 93 29 132 48 236 76 138 95 66 30 129 119 3 43 196 53 207 40 169 74 140 71 25 28 99 1 57 165 255 136 118 59 233 182 32 157 7 187 175 122 121 35 249 176 31 216 145 192 103 222 37 107 156 244 64 49 247 91 17 60 19 184 33 65 235 210 86 170 42 127 123 159 202 102 188 208 174 116 231 198 149 152 141 186 56 52 220 205 131 69 193 227 167 219 14 16 190 126 142 63 100 90 101 39 240 23 34 117 199 161 92 75 172 36 50 254 206 81 18 55 160 221 178 111 70 211 68 82 22 72 242 144 251 128 108 58 234 10 173 212 85 232 78 61 245 112 110 11 24 44 250 0 45 20 41 203 209 151 109 228 135 153 224 180 189 191 51 177 
[ 294.            3.66015005    4.67807198  255.            0.            2.
    7.            0.          299.        ]
245 127 144 163 220 118 87 242 162 15 102 151 14 230 85 213 219 56 221 26 192 229 60 55 105 172 193 65 67 165 212 45 148 189 24 0 247 97 68 240 101 71 120 112 142 13 209 175 18 36 243 12 106 53 238 134 37 82 136 129 99 177 83 234 249 126 184 40 50 250 43 215 216 188 141 62 7 202 119 161 124 51 196 152 81 170 121 61 94 203 208 6 146 191 153 88 117 190 47 89 214 74 255 251 63 49 107 54 182 166 195 16 104 92 160 131 137 22 244 232 39 103 205 179 110 135 217 206 1 57 2 176 123 236 198 222 253 34 204 17 100 178 76 33 174 19 199 44 46 145 78 237 84 181 109 70 168 41 239 197 167 173 8 95 227 201 69 139 207 248 111 23 31 21 150 180 30 194 116 224 115 200 223 233 231 9 42 86 187 130 122 11 252 128 38 158 157 241 246 77 114 80 4 133 211 5 235 35 10 93 169 254 125 28 29 143 113 48 226 3 27 108 155 32 58 75 183 218 25 225 138 210 98 64 147 91 228 149 159 79 140 156 185 96 186 20 132 72 90 164 52 66 154 59 73 171 
[ 277.            4.            4.67807198  255.            0.            2.
    7.            0.          809.        ]
112 124 12 142 130 230 148 198 53 228 76 79 11 73 159 80 217 42 4 78 127 40 195 89 170 244 254 106 222 188 235 36 121 1 251 86 104 57 223 233 84 49 219 214 132 65 133 7 92 9 118 66 8 85 94 98 210 152 77 110 155 136 119 202 2 237 234 35 17 81 208 26 71 31 102 15 29 179 114 229 199 70 151 172 33 115 75 197 37 32 43 137 166 242 243 58 163 227 246 34 168 175 190 18 194 216 193 55 62 39 67 14 183 46 109 69 186 23 27 135 59 157 25 52 206 167 158 144 182 117 213 10 74 123 22 143 101 236 72 165 255 153 21 64 156 176 3 54 189 61 173 5 180 253 245 226 149 122 24 103 154 113 140 138 100 171 131 196 30 90 51 212 141 147 111 120 126 38 0 50 184 201 174 41 48 95 225 107 192 164 60 247 232 6 250 248 13 82 63 134 220 215 150 185 56 44 252 240 177 181 99 88 128 204 238 28 221 105 187 231 96 93 125 205 169 45 129 47 209 241 211 16 116 19 68 20 145 146 108 239 224 162 161 178 91 83 249 203 139 191 218 97 207 200 87 160 
[  283.             3.82507443     4.67807198   255.             0.             2.
     7.             0.          1030.        ]
160 111 58 220 39 139 171 207 3 115 1 59 120 26 185 10 233 181 18 195 178 236 250 161 92 237 64 187 62 219 34 211 245 61 15 110 109 145 143 105 67 23 153 52 104 173 175 87 174 137 164 222 148 77 70 162 235 31 146 179 78 108 60 33 210 253 80 205 229 193 76 32 90 241 37 127 99 81 165 38 135 159 102 208 158 132 71 170 128 224 83 119 27 22 11 204 118 149 183 191 51 177 167 240 50 66 8 42 198 239 223 91 122 182 36 157 96 12 4 53 93 79 163 125 56 136 212 190 28 231 209 85 134 95 130 254 186 242 203 14 121 131 13 74 73 17 218 214 46 98 114 5 213 202 200 112 230 252 47 35 69 234 6 126 249 154 54 41 72 88 221 225 94 100 192 201 142 48 49 189 124 55 89 43 123 141 9 19 75 68 156 217 150 176 169 166 246 172 215 16 255 21 144 65 138 243 247 248 40 206 228 20 133 140 180 0 106 196 29 24 244 197 188 63 44 57 113 151 226 116 45 238 194 107 227 129 30 86 25 152 232 84 101 103 7 216 117 147 199 2 184 155 82 168 97 251 

Random searching with population size: 30 and generation count: 900
genome: PERMUTATION (True, 8, 8) criterion: DP_MAX

[ 252.            3.66015005    5.          255.            0.            2.
    7.            0.          210.        ]
58 200 240 233 230 120 123 197 104 77 27 41 17 94 146 174 38 7 114 90 101 185 97 79 8 250 20 216 159 69 85 42 245 10 82 56 238 196 221 57 12 80 156 26 11 161 139 130 136 211 100 137 61 40 138 187 88 128 225 93 150 19 135 210 70 126 124 0 203 224 199 108 129 193 153 234 167 209 92 147 73 183 202 117 164 47 4 29 45 74 165 68 112 142 127 217 171 121 15 9 205 23 43 76 14 2 37 242 55 122 102 201 109 249 223 213 214 173 169 162 30 248 219 64 91 231 35 33 182 186 194 154 18 190 158 243 198 21 247 184 254 71 60 235 157 62 113 166 22 145 1 36 141 131 119 192 59 46 66 253 32 87 177 44 172 175 65 220 50 83 180 181 236 140 151 232 134 149 163 84 118 110 98 218 107 49 241 75 168 228 95 252 132 96 133 111 51 255 207 229 99 144 28 152 105 215 179 212 155 116 63 52 178 103 246 195 72 251 67 3 39 226 25 16 34 53 148 81 78 5 204 189 188 208 13 222 89 160 191 24 176 6 106 239 54 170 125 143 237 48 206 244 227 86 115 31 
[ 297.            3.82507443    4.67807198  255.            0.            2.
    7.            0.          269.        ]
230 165 186 227 156 55 53 233 191 219 242 74 202 46 128 250 41 52 77 115 26 144 38 155 84 201 17 54 217 15 178 81 225 152 180 208 13 99 2 111 255 151 35 76 102 126 48 213 60 224 246 5 188 104 237 248 179 66 199 71 100 45 175 24 61 245 203 221 140 96 205 72 174 110 153 204 108 163 176 241 231 12 154 64 86 79 198 36 6 206 7 249 244 42 252 9 196 14 88 40 243 172 193 78 215 182 37 50 16 34 170 91 136 103 75 143 118 183 187 209 43 166 150 123 63 220 39 214 113 239 247 157 218 20 139 105 222 185 32 161 98 65 129 238 101 109 29 59 159 89 254 192 135 210 67 80 253 19 168 62 125 116 235 190 137 10 147 73 177 127 121 142 240 160 184 94 27 195 97 106 189 70 58 223 120 212 69 226 4 114 11 21 229 95 44 216 132 197 133 28 232 1 138 18 0 57 117 25 3 234 22 211 68 33 82 92 158 49 85 164 181 171 207 87 83 145 141 124 173 122 169 130 51 47 148 112 119 200 167 228 149 194 8 56 23 131 236 30 251 93 90 162 146 134 31 107 
[ 304.            3.82507443    4.67807198  255.            0.            2.
    6.            0.          428.        ]
244 24 29 182 106 35 168 117 150 2 1 177 133 51 34 176 143 227 78 36 131 170 165 141 218 149 185 171 247 202 116 91 21 93 220 152 49 86 90 3 59 104 183 70 242 99 111 201 57 81 16 237 137 26 108 147 162 194 50 44 76 40 234 84 15 20 63 179 68 46 12 121 18 225 146 82 172 28 126 10 226 53 77 43 42 94 83 233 125 113 196 193 79 222 101 204 73 241 27 199 107 69 65 224 96 98 52 4 129 87 235 23 139 236 197 88 85 209 123 238 8 188 39 136 7 103 22 0 153 175 60 213 11 105 157 173 45 158 48 110 115 192 118 138 163 253 142 58 14 223 151 127 148 9 89 249 122 97 243 92 156 228 47 251 217 33 41 215 166 232 219 64 38 214 205 252 134 145 216 180 66 74 25 245 246 159 229 80 102 231 62 191 207 13 119 114 6 100 206 248 155 144 55 221 56 19 5 254 169 255 186 211 181 178 30 140 128 198 189 190 31 154 130 120 230 61 112 132 195 17 203 67 187 32 174 250 135 184 75 160 164 212 95 71 239 37 208 124 240 210 72 167 161 200 109 54 
[ 286.            4.18621874    4.67807198  255.            0.            2.
    7.            0.          567.        ]
170 255 32 78 206 69 48 84 130 42 184 71 254 148 147 98 136 65 55 146 19 159 2 228 201 128 200 221 140 122 226 241 110 246 179 151 139 155 132 126 85 178 26 162 190 222 94 193 74 49 107 210 103 217 218 38 9 36 232 22 40 252 115 216 141 204 111 56 129 5 134 197 97 187 101 169 119 58 95 18 175 3 77 4 251 28 196 171 163 61 6 253 227 37 116 0 186 35 203 157 214 100 161 117 43 72 75 199 44 181 180 8 236 125 225 231 220 165 80 20 156 238 39 14 12 185 243 215 17 224 207 102 30 73 202 51 24 211 64 59 164 82 76 62 93 46 149 90 63 53 99 109 25 249 16 144 244 105 173 247 234 208 194 114 29 47 250 192 160 168 188 121 191 106 66 219 172 176 177 83 1 182 120 21 137 239 31 166 89 183 237 198 209 152 240 205 23 158 92 113 50 11 248 230 34 27 41 15 70 167 96 52 150 91 133 213 223 79 7 138 127 54 86 235 189 142 108 112 33 143 135 212 88 174 233 60 81 154 68 229 145 123 45 13 195 131 124 153 87 118 67 242 104 57 10 245 

Usage: python experiments.py n
Where n is number of experiment
1 - deteriming of best probabilities of mutation and crossover
2 - GA vs. EDA comparison
3 - ParallelRandom parameters
4 - Vega and Spea parameters
Exited with status: 1
