convergence: 1
8 best results: fitness min/avg/max/mdev : 32/32/32/0
Fit	Bent	SAC	LpMax	DpMax	Bij	BF	Chromozome
32	32	-1	0.5625	0.5	1	2	3 2 8 12 11 1 5 10 15 0 9 6 14 13 7 4 
32	32	-1	0.5625	0.375	1	2	5 4 3 9 2 6 11 0 13 12 7 14 1 15 10 8 
32	32	-1	0.5625	0.375	1	2	12 11 9 5 7 0 2 3 1 13 8 6 4 14 10 15 
32	32	-1	0.5625	0.375	1	2	4 12 5 8 9 14 15 6 11 1 10 3 0 2 13 7 
32	32	-1	0.5625	0.5	1	2	11 12 10 4 14 6 8 9 15 0 13 5 3 1 7 2 
32	32	-1	0.5625	0.375	1	2	5 14 1 7 9 15 8 3 12 4 11 0 13 10 6 2 
32	32	-1	0.25	0.375	1	2	8 9 10 2 14 1 4 0 11 12 6 13 7 3 15 5 
32	32	-1	0.5625	0.375	1	2	12 8 14 4 2 0 15 7 1 6 10 5 9 11 3 13 

convergence: 1.5
8 best results: fitness min/avg/max/mdev : 3/3/3/0
Fit	Bent	SAC	LpMax	DpMax	Bij	BF	Chromozome
3	30	-1	1	0.625	1	3	9 2 7 12 10 15 4 1 6 5 0 11 3 8 14 13 
3	31	-1	0.5625	0.625	1	3	7 14 2 5 11 4 13 8 9 0 12 10 6 3 1 15 
3	29	-1	0.5625	0.5	1	3	7 1 11 12 4 10 13 0 14 2 5 9 3 15 8 6 
3	7	-1	1	1	1	3	2 14 9 7 13 3 4 10 11 5 0 12 6 8 15 1 
3	16	-1	1	0.5	1	3	5 11 9 14 6 1 15 8 10 4 3 13 0 7 12 2 
3	0	-1	1	1	1	3	5 14 0 13 8 3 11 6 15 4 10 7 2 9 1 12 
3	23	-1	1	0.5	1	3	3 10 15 6 5 12 2 9 13 1 4 8 0 7 11 14 
3	32	-1	0.5625	0.5	1	3	7 0 13 10 1 6 4 9 14 5 3 15 11 12 8 2 

Exited with status: 0
