Vega searching with population size: 200 and generation count: 200
genome: CGP (6, 6, 6, 5, 15)
probability of mutation: 0.900000 probability of crossover: 0.000000
criterions: [BENT_AND_MOSAC, LP_MAX, DP_MAX, SAC, BF, POLYNOMIAL_DEGREE]
[  0.00000000e+00   2.00000000e+00   2.00000000e+00   5.35000000e+01
   0.00000000e+00   1.00000000e+00   2.00000000e+00   2.00000000e+01
   1.86900000e+03]
{6,6,6,5,2,1,10}([6]0,2,2)([7]1,5,7)([8]1,4,8)([9]5,0,6)([10]1,2,2)([11]3,1,8)([12]9,3,6)([13]10,3,5)([14]10,2,7)([15]7,2,4)([16]12,5,8)([17]14,5,7)([18]4,3,2)([19]4,14,7)([20]1,0,2)([21]3,18,7)([22]4,16,7)([23]4,4,5)([24]17,18,3)([25]1,18,2)([26]3,0,3)([27]23,25,0)([28]1,4,7)([29]2,22,7)([30]5,25,7)([31]29,4,1)([32]29,2,8)([33]1,0,6)([34]27,29,8)([35]5,28,6)(11,28,20,6,7,24)

[  1.50000000e+01  -0.00000000e+00   4.58036885e-02   5.91250000e+01
   0.00000000e+00   2.00000000e+00   1.00000000e+00   1.70000000e+01
   5.02900000e+03]
{6,6,6,5,2,1,13}([6]3,5,8)([7]1,2,2)([8]0,5,4)([9]4,1,3)([10]0,2,2)([11]8,10,2)([12]9,7,6)([13]4,2,5)([14]3,10,6)([15]7,0,7)([16]1,0,3)([17]12,3,1)([18]0,1,1)([19]1,12,0)([20]3,11,6)([21]16,3,3)([22]18,0,5)([23]16,5,2)([24]17,5,3)([25]3,20,7)([26]24,4,5)([27]24,2,8)([28]25,25,0)([29]2,24,7)([30]23,24,7)([31]4,2,7)([32]26,3,1)([33]1,29,8)([34]4,30,4)([35]0,27,8)(13,14,24,34,30,21)

[  3.00000000e+01  -0.00000000e+00  -0.00000000e+00   5.97500000e+01
   0.00000000e+00   2.00000000e+00   1.00000000e+00   1.80000000e+01
   6.95900000e+03]
{6,6,6,5,2,1,12}([6]5,1,8)([7]2,3,7)([8]4,1,8)([9]3,5,3)([10]2,0,1)([11]3,0,0)([12]4,3,8)([13]9,6,0)([14]8,9,4)([15]5,0,2)([16]3,3,3)([17]14,5,5)([18]11,14,7)([19]15,11,2)([20]3,4,2)([21]1,19,4)([22]1,19,3)([23]0,3,4)([24]4,5,7)([25]20,16,4)([26]21,4,3)([27]0,1,4)([28]1,22,1)([29]21,23,7)([30]21,23,5)([31]0,26,1)([32]29,1,0)([33]3,27,1)([34]29,1,3)([35]28,2,3)(23,9,28,35,26,34)

[  0.00000000e+00   2.00000000e+00   2.00000000e+00   4.80000000e+01
   0.00000000e+00   1.00000000e+00   2.00000000e+00   2.00000000e+01
   7.01400000e+03]
{6,6,6,5,2,1,10}([6]3,2,2)([7]1,0,1)([8]4,5,3)([9]3,1,0)([10]1,3,1)([11]5,2,2)([12]6,2,6)([13]1,3,8)([14]5,5,7)([15]7,8,1)([16]15,1,2)([17]1,13,1)([18]12,3,7)([19]12,0,0)([20]11,13,3)([21]0,1,6)([22]0,19,4)([23]0,20,0)([24]16,5,5)([25]19,5,6)([26]2,4,5)([27]4,23,1)([28]0,25,3)([29]4,4,2)([30]0,24,7)([31]2,26,1)([32]26,5,2)([33]2,0,7)([34]2,27,5)([35]3,0,1)(13,12,21,27,32,20)

[  1.20000000e+02  -0.00000000e+00  -0.00000000e+00   5.30000000e+01
   0.00000000e+00   1.00000000e+00   1.00000000e+00   2.20000000e+01
   8.01100000e+03]
{6,6,6,5,2,1,8}([6]5,2,1)([7]0,3,6)([8]5,2,8)([9]3,5,1)([10]3,1,0)([11]1,3,7)([12]0,1,1)([13]3,0,3)([14]3,9,5)([15]10,0,7)([16]12,14,3)([17]14,14,5)([18]4,12,6)([19]13,11,6)([20]5,12,2)([21]16,4,8)([22]1,19,4)([23]1,5,2)([24]5,4,3)([25]16,0,2)([26]21,21,5)([27]21,3,0)([28]25,5,3)([29]5,22,6)([30]22,4,1)([31]27,3,1)([32]3,27,3)([33]3,5,6)([34]29,27,7)([35]2,3,7)(0,4,21,26,27,32)

[  8.40000000e+01  -0.00000000e+00   4.15037513e-01   4.20000000e+01
   0.00000000e+00   1.00000000e+00   3.00000000e+00   2.00000000e+01
   8.22500000e+03]
{6,6,6,5,2,1,10}([6]2,5,1)([7]3,2,7)([8]2,0,6)([9]4,3,6)([10]4,3,6)([11]10,1,6)([12]2,5,2)([13]0,6,6)([14]10,6,5)([15]10,2,5)([16]2,11,1)([17]12,11,3)([18]3,5,1)([19]15,4,2)([20]15,3,5)([21]20,19,7)([22]5,4,7)([23]17,19,7)([24]3,17,8)([25]19,4,1)([26]1,1,1)([27]22,2,2)([28]3,5,2)([29]22,0,1)([30]1,4,5)([31]28,28,3)([32]2,0,5)([33]28,1,4)([34]29,30,1)([35]29,5,0)(29,23,35,17,17,35)

[  4.80000000e+01  -0.00000000e+00   7.52072513e-01   4.45000000e+01
   0.00000000e+00   1.00000000e+00   3.00000000e+00   1.10000000e+01
   9.00300000e+03]
{6,6,6,5,2,1,19}([6]3,1,6)([7]3,5,1)([8]0,0,6)([9]3,1,1)([10]1,0,2)([11]4,10,1)([12]6,4,4)([13]8,0,3)([14]0,7,2)([15]1,0,4)([16]11,4,0)([17]2,12,6)([18]4,4,3)([19]14,13,2)([20]12,14,1)([21]0,19,2)([22]2,16,2)([23]19,17,8)([24]16,0,3)([25]1,2,0)([26]22,25,0)([27]5,24,2)([28]23,5,3)([29]1,5,4)([30]22,1,6)([31]3,29,0)([32]26,2,0)([33]27,5,3)([34]27,2,7)([35]4,1,5)(22,33,17,28,26,22)

[  3.20000000e+01   2.00000000e+00   1.41503751e+00   4.67500000e+01
   0.00000000e+00   1.00000000e+00   2.00000000e+00   1.30000000e+01
   1.16110000e+04]
{6,6,6,5,2,1,17}([6]1,2,5)([7]4,4,1)([8]4,5,7)([9]5,4,4)([10]0,3,1)([11]9,7,0)([12]4,0,6)([13]10,7,7)([14]2,2,7)([15]0,2,3)([16]5,5,8)([17]12,3,2)([18]1,0,3)([19]5,14,1)([20]11,1,6)([21]1,19,0)([22]18,20,7)([23]2,17,6)([24]0,3,3)([25]0,20,0)([26]23,22,3)([27]21,24,3)([28]22,25,6)([29]3,0,4)([30]1,2,8)([31]27,0,6)([32]30,1,7)([33]3,4,1)([34]26,29,3)([35]28,26,2)(34,30,19,8,12,33)

[  4.40000000e+01   1.86218813e-01   4.15037513e-01   4.91250000e+01
   0.00000000e+00   1.00000000e+00   3.00000000e+00   1.10000000e+01
   1.18810000e+04]
{6,6,6,5,2,1,19}([6]2,1,8)([7]3,4,2)([8]1,0,1)([9]2,5,6)([10]4,2,5)([11]5,0,6)([12]0,7,8)([13]4,6,2)([14]0,4,2)([15]9,5,3)([16]1,15,0)([17]2,4,2)([18]13,15,4)([19]11,12,3)([20]12,15,6)([21]19,0,3)([22]2,20,4)([23]18,1,0)([24]4,20,4)([25]3,20,5)([26]4,24,1)([27]24,23,1)([28]0,3,7)([29]22,1,3)([30]21,2,6)([31]27,28,3)([32]26,26,1)([33]30,0,6)([34]3,27,8)([35]28,5,1)(35,20,21,33,23,31)

[  1.06000000e+02  -0.00000000e+00   1.00000000e+00   4.70000000e+01
   0.00000000e+00   1.00000000e+00   2.00000000e+00   1.60000000e+01
   1.20090000e+04]
{6,6,6,5,2,1,14}([6]0,2,3)([7]5,5,1)([8]3,0,6)([9]3,4,6)([10]5,3,1)([11]6,1,2)([12]9,1,2)([13]8,5,6)([14]9,9,6)([15]6,5,3)([16]14,5,4)([17]12,11,4)([18]2,5,1)([19]5,12,2)([20]13,5,6)([21]20,17,3)([22]17,5,6)([23]3,18,5)([24]19,4,3)([25]1,19,2)([26]25,22,2)([27]5,2,7)([28]0,1,7)([29]21,5,4)([30]4,21,8)([31]30,30,7)([32]30,4,8)([33]27,30,3)([34]5,30,2)([35]5,3,0)(29,29,13,34,33,8)

[  0.00000000e+00   2.00000000e+00   2.00000000e+00   5.37500000e+01
   0.00000000e+00   1.00000000e+00   2.00000000e+00   2.10000000e+01
   1.80080000e+04]
{6,6,6,5,2,1,9}([6]1,5,6)([7]1,4,7)([8]0,0,3)([9]5,2,3)([10]3,4,6)([11]6,7,0)([12]8,0,2)([13]1,9,2)([14]0,0,3)([15]2,0,7)([16]14,3,6)([17]4,5,2)([18]3,13,7)([19]3,0,1)([20]4,3,1)([21]0,20,5)([22]17,16,8)([23]2,16,4)([24]5,2,1)([25]17,19,3)([26]1,21,1)([27]23,4,2)([28]22,4,0)([29]1,4,2)([30]23,21,6)([31]3,26,3)([32]2,0,6)([33]28,5,0)([34]2,3,6)([35]26,29,2)(13,25,6,7,10,32)

[  5.70000000e+01   8.30075026e-01   1.41503751e+00   5.21250000e+01
   0.00000000e+00   1.00000000e+00   2.00000000e+00   9.00000000e+00
   1.88280000e+04]
{6,6,6,5,2,1,21}([6]5,2,2)([7]0,4,8)([8]1,4,3)([9]1,0,5)([10]3,0,8)([11]3,0,3)([12]5,8,6)([13]1,1,1)([14]8,8,7)([15]9,2,8)([16]3,5,7)([17]14,0,2)([18]12,15,8)([19]13,11,3)([20]2,12,5)([21]2,4,1)([22]18,16,3)([23]0,5,0)([24]17,2,3)([25]19,4,2)([26]3,1,6)([27]0,24,0)([28]5,21,7)([29]0,24,6)([30]25,24,7)([31]4,1,8)([32]0,0,6)([33]26,29,4)([34]29,4,3)([35]30,28,3)(26,22,30,35,31,29)

[  6.40000000e+01  -0.00000000e+00   6.78071916e-01   4.60000000e+01
   0.00000000e+00   1.00000000e+00   3.00000000e+00   1.60000000e+01
   1.98860000e+04]
{6,6,6,5,2,1,14}([6]4,1,7)([7]4,1,8)([8]5,0,4)([9]2,3,1)([10]2,0,6)([11]6,4,2)([12]6,4,2)([13]1,7,1)([14]9,7,2)([15]0,2,1)([16]15,2,8)([17]3,4,5)([18]14,4,0)([19]11,12,8)([20]13,5,2)([21]18,2,2)([22]3,0,6)([23]18,1,2)([24]4,0,0)([25]2,3,8)([26]5,25,1)([27]25,21,7)([28]0,25,2)([29]3,22,8)([30]2,1,0)([31]0,26,6)([32]26,3,3)([33]27,26,4)([34]27,1,8)([35]5,28,6)(23,14,33,34,35,32)


Spea searching with population size: 200 and generation count: 200
genome: PERMUTATION (True, 6, 6)
probability of mutation: 0.900000 probability of crossover: 0.050000
criterions: [BENT_AND_MOSAC, LP_MAX, DP_MAX, SAC, BF, POLYNOMIAL_DEGREE]
[ 139.            2.83007503    3.41503739   63.            0.            2.
    4.            0.          271.        ]
0 47 6 24 11 14 54 53 22 48 23 31 58 45 18 63 20 15 12 52 27 42 35 16 1 28 19 50 49 2 56 44 10 41 57 38 13 4 5 3 37 7 26 33 51 21 17 55 9 46 59 61 25 32 40 60 29 36 34 30 8 39 43 62 
[ 114.            2.83007503    3.41503739   63.            0.            2.
    5.            0.          424.        ]
1 36 8 12 24 31 0 19 51 63 42 17 25 14 4 30 53 2 34 27 47 37 13 49 48 57 62 11 5 50 18 39 54 60 41 45 23 56 44 35 16 46 32 10 40 26 21 6 7 52 20 61 28 38 9 33 3 29 58 59 22 15 43 55 
[ 155.            2.38529015    3.           63.            0.            2.
    4.            0.          496.        ]
43 30 15 33 24 52 22 55 62 37 60 4 9 54 7 47 49 21 36 61 14 51 53 8 10 18 3 48 16 38 50 25 28 23 34 1 0 39 59 31 13 2 26 46 44 56 40 6 12 5 63 45 27 17 19 11 32 58 20 41 57 29 35 42 
[ 127.            2.38529015    3.           63.            0.            2.
    5.            0.          503.        ]
51 58 38 16 40 15 63 48 13 55 21 3 24 9 53 29 41 43 36 2 60 12 23 42 45 25 33 52 49 19 56 14 26 22 37 5 20 28 59 54 8 7 31 1 0 4 34 50 6 30 35 17 39 57 61 27 32 18 62 47 11 44 46 10 
[ 119.            2.83007503    3.           63.            0.            2.
    5.            0.          536.        ]
35 50 59 42 61 27 16 12 13 56 37 63 53 26 21 31 0 57 17 47 58 46 1 4 32 28 25 19 8 49 14 23 44 43 48 18 3 20 40 33 62 52 45 51 38 54 24 34 30 9 10 2 55 29 60 41 15 36 39 7 6 11 22 5 
[ 146.            2.83007503    3.           63.            0.            2.
    4.            0.          568.        ]
48 9 60 17 27 11 55 25 3 41 12 63 50 7 47 53 8 38 54 0 34 19 51 10 56 20 22 23 29 18 59 13 6 36 2 58 52 37 35 26 21 57 4 33 40 15 43 49 31 24 14 42 61 1 32 39 28 45 62 5 30 44 46 16 
[ 164.    2.    3.   63.    0.    2.    4.    0.  595.]
55 45 54 20 2 7 5 13 28 29 8 21 40 43 25 27 19 42 15 50 34 30 49 63 22 10 24 12 4 14 6 62 41 17 37 39 58 18 32 36 3 52 16 47 11 44 38 53 35 23 57 51 9 60 61 1 33 46 31 48 56 26 0 59 
[ 120.            2.38529015    3.41503739   63.            0.            2.
    5.            0.          848.        ]
40 22 12 53 2 43 55 50 18 9 8 24 7 15 4 30 63 25 35 13 14 19 11 27 47 56 5 32 6 45 41 49 61 17 51 44 57 34 20 60 21 16 31 42 29 46 36 62 54 33 0 3 39 58 48 28 10 59 1 52 26 23 37 38 
[ 119.            2.83007503    3.           63.            0.            2.
    5.            0.          851.        ]
40 22 53 50 2 12 55 24 43 9 63 18 25 8 4 7 15 13 30 6 35 14 27 47 11 49 45 61 19 56 41 32 5 51 34 57 17 44 16 60 31 20 42 62 36 29 54 21 46 0 58 10 33 39 3 48 59 28 23 26 1 52 37 38 
[ 156.            2.38529015    2.67807198   63.            0.            2.
    4.            0.          960.        ]
48 30 25 33 47 49 40 18 6 43 29 46 58 57 55 41 56 13 5 7 15 20 62 39 61 16 9 31 44 34 36 28 24 10 23 52 54 4 45 51 14 0 12 8 11 21 42 59 50 53 2 38 17 27 32 19 3 26 1 37 35 60 22 63 
[ 119.            2.83007503    3.           63.            0.            2.
    5.            0.          990.        ]
32 44 61 10 11 36 15 46 31 42 53 58 56 57 9 1 39 23 20 24 21 54 6 55 3 37 50 16 59 49 48 41 2 27 30 40 38 60 18 4 34 47 51 7 26 35 28 45 62 0 8 43 22 29 63 13 17 19 33 52 25 5 12 14 
[ 120.            2.83007503    2.67807198   63.            0.            2.
    5.            0.          994.        ]
35 20 37 24 55 11 8 14 0 18 51 48 34 50 38 30 12 49 54 33 47 44 4 29 32 13 61 10 1 22 60 40 26 58 17 62 5 39 42 3 63 23 28 43 9 46 57 41 59 21 52 15 7 53 19 2 45 36 56 6 31 27 16 25 
[  1.07000000e+02   2.38529015e+00   3.00000000e+00   6.30000000e+01
   1.00000000e+00   2.00000000e+00   5.00000000e+00   0.00000000e+00
   1.03400000e+03]
61 43 28 60 40 1 0 56 26 13 33 53 24 19 32 42 5 11 47 58 9 30 27 55 8 46 2 62 38 63 44 16 51 52 12 20 54 7 4 59 31 23 6 50 14 49 25 17 22 29 18 3 37 15 48 57 10 21 34 41 35 36 45 39 

Vega searching with population size: 200 and generation count: 200
genome: PERMUTATION (True, 6, 6)
probability of mutation: 0.100000 probability of crossover: 0.900000
criterions: [BENT_AND_MOSAC, LP_MAX, DP_MAX, SAC, BF, POLYNOMIAL_DEGREE]
[  1.54000000e+02   2.38529015e+00   3.00000000e+00   6.30000000e+01
   0.00000000e+00   2.00000000e+00   4.00000000e+00   0.00000000e+00
   6.00000000e+03]
1 18 11 63 49 0 23 57 12 58 16 37 20 5 54 14 3 44 43 15 10 27 53 21 26 13 6 32 60 62 31 38 40 28 9 8 2 29 39 46 25 47 55 45 34 7 22 4 24 17 61 19 42 35 52 51 30 59 33 36 50 41 56 48 
[  1.47000000e+02   2.83007503e+00   3.00000000e+00   6.30000000e+01
   0.00000000e+00   2.00000000e+00   4.00000000e+00   0.00000000e+00
   6.60000000e+03]
20 48 61 21 46 18 40 3 23 10 8 57 34 62 9 26 14 13 60 15 17 1 0 5 28 4 37 24 36 42 38 16 58 47 52 63 27 2 50 19 39 30 55 6 45 59 43 41 35 54 51 25 29 7 33 12 56 11 32 31 53 44 49 22 
[  1.23000000e+02   2.83007503e+00   3.41503739e+00   6.30000000e+01
   0.00000000e+00   2.00000000e+00   4.00000000e+00   0.00000000e+00
   9.90600000e+03]
15 3 29 12 28 21 9 43 17 32 1 25 42 61 47 2 23 55 40 31 49 14 45 44 62 33 7 53 48 50 36 13 63 5 35 26 20 4 10 39 46 0 59 6 52 41 37 30 34 60 27 51 57 22 24 54 38 56 8 18 11 16 19 58 
[  1.15000000e+02   2.38529015e+00   3.41503739e+00   6.30000000e+01
   0.00000000e+00   2.00000000e+00   5.00000000e+00   0.00000000e+00
   1.24490000e+04]
42 24 19 56 40 4 22 13 54 49 14 34 3 63 60 48 6 45 21 8 1 39 53 37 27 47 18 5 55 44 28 50 20 23 30 15 31 7 41 33 10 2 46 11 17 52 51 9 43 12 35 29 61 57 16 62 0 25 59 38 26 32 36 58 
[  1.30000000e+02   2.38529015e+00   3.41503739e+00   6.30000000e+01
   0.00000000e+00   2.00000000e+00   4.00000000e+00   0.00000000e+00
   1.70060000e+04]
22 28 11 40 46 49 25 32 18 38 26 39 55 54 17 31 48 10 63 4 56 34 9 23 42 58 62 12 8 20 50 14 7 30 43 2 52 44 6 33 36 35 60 21 61 47 51 13 16 3 57 1 59 0 24 29 19 27 53 15 5 45 37 41 
[  1.16000000e+02   2.83007503e+00   3.00000000e+00   6.30000000e+01
   0.00000000e+00   2.00000000e+00   5.00000000e+00   0.00000000e+00
   1.76630000e+04]
41 8 47 29 12 63 60 6 40 0 39 10 2 14 35 58 28 56 43 50 3 23 34 48 18 27 26 5 9 30 20 37 36 1 54 53 31 46 49 13 24 7 32 19 51 42 44 38 17 22 45 33 59 16 15 55 57 61 25 62 11 52 4 21 
[  1.16000000e+02   2.83007503e+00   3.00000000e+00   6.30000000e+01
   0.00000000e+00   2.00000000e+00   5.00000000e+00   0.00000000e+00
   1.80740000e+04]
24 57 42 26 58 31 12 18 4 32 43 49 56 0 40 50 22 15 44 9 35 34 41 2 11 51 59 13 37 45 46 7 3 30 33 20 8 5 17 48 29 10 6 23 38 19 54 47 61 53 16 1 28 27 36 63 62 21 25 14 39 55 60 52 
[  1.11000000e+02   2.83007503e+00   3.41503739e+00   6.30000000e+01
   0.00000000e+00   2.00000000e+00   5.00000000e+00   0.00000000e+00
   1.83140000e+04]
43 29 12 32 7 54 38 51 13 45 31 25 21 58 19 22 34 6 39 5 0 26 61 20 16 3 60 17 24 36 2 62 48 8 1 56 53 52 41 35 44 18 40 55 50 15 11 4 47 14 57 9 27 30 28 63 10 33 23 37 59 42 46 49 
[  1.20000000e+02   2.38529015e+00   3.00000000e+00   6.30000000e+01
   0.00000000e+00   2.00000000e+00   5.00000000e+00   0.00000000e+00
   1.96420000e+04]
45 17 20 46 11 3 60 49 30 10 38 5 19 13 40 27 57 56 12 48 22 52 47 34 8 0 16 24 2 4 62 36 1 18 55 50 33 41 32 39 44 31 14 58 54 23 15 21 42 25 59 63 29 53 6 37 28 51 9 7 35 61 26 43 

Vega searching with population size: 200 and generation count: 200
genome: CGP (8, 8, 8, 7, 28)
probability of mutation: 0.900000 probability of crossover: 0.000000
criterions: [BENT_AND_MOSAC, LP_MAX, DP_MAX, SAC, BF, POLYNOMIAL_DEGREE]
[ 512.   -0.    1.  241.    0.    1.    1.   36.  652.]
{8,8,8,7,2,1,20}([8]4,7,4)([9]2,4,4)([10]5,7,2)([11]5,3,2)([12]5,7,3)([13]0,6,3)([14]5,4,6)([15]6,4,3)([16]7,6,8)([17]13,8,1)([18]1,13,4)([19]14,8,0)([20]3,14,1)([21]11,6,0)([22]7,21,5)([23]3,5,5)([24]7,19,4)([25]2,4,2)([26]15,18,0)([27]19,16,3)([28]15,15,3)([29]6,2,1)([30]2,3,5)([31]5,27,3)([32]1,2,1)([33]0,23,0)([34]1,24,4)([35]23,0,0)([36]32,35,1)([37]31,32,3)([38]3,29,1)([39]7,1,3)([40]33,34,3)([41]4,0,5)([42]4,7,0)([43]0,1,1)([44]0,1,7)([45]40,41,1)([46]3,37,5)([47]3,40,8)([48]40,39,0)([49]39,5,0)([50]7,6,4)([51]44,2,8)([52]1,46,8)([53]46,47,3)([54]3,43,2)([55]7,44,3)([56]43,4,2)([57]7,56,7)([58]0,1,6)([59]52,50,2)([60]6,4,5)([61]4,56,1)([62]0,3,0)([63]5,50,1)(3,58,60,53,49,5,14,53)

[  2.80000000e+01   2.00000000e+00   1.00000000e+00   2.16000000e+02
   0.00000000e+00   1.00000000e+00   2.00000000e+00   4.00000000e+01
   1.77100000e+03]
{8,8,8,7,2,1,16}([8]0,5,3)([9]4,4,1)([10]6,4,2)([11]5,6,7)([12]3,0,4)([13]7,1,6)([14]3,6,0)([15]4,12,8)([16]12,1,4)([17]5,0,1)([18]4,2,1)([19]13,14,0)([20]1,6,2)([21]11,12,3)([22]1,7,1)([23]18,7,1)([24]19,6,7)([25]18,21,5)([26]2,2,5)([27]4,1,2)([28]21,4,6)([29]23,25,8)([30]6,23,4)([31]28,26,8)([32]7,3,3)([33]27,27,5)([34]23,24,0)([35]26,22,2)([36]32,7,2)([37]6,3,2)([38]35,34,7)([39]7,5,6)([40]5,31,2)([41]7,6,7)([42]1,30,1)([43]36,4,7)([44]2,3,1)([45]4,1,6)([46]42,40,5)([47]0,6,1)([48]5,4,2)([49]36,40,1)([50]49,1,3)([51]6,49,4)([52]3,4,0)([53]0,4,2)([54]4,47,4)([55]2,2,6)([56]3,4,6)([57]53,7,7)([58]3,55,5)([59]0,1,2)([60]5,7,8)([61]4,1,8)([62]1,51,7)([63]4,55,4)(19,44,56,29,27,48,59,37)

[  6.20000000e+01   8.30075026e-01   1.00000000e+00   2.07187500e+02
   0.00000000e+00   1.00000000e+00   2.00000000e+00   3.20000000e+01
   4.24400000e+03]
{8,8,8,7,2,1,24}([8]2,4,1)([9]7,4,8)([10]4,2,4)([11]6,3,2)([12]2,2,5)([13]4,3,2)([14]0,3,6)([15]10,11,2)([16]13,6,0)([17]5,9,1)([18]12,11,3)([19]1,10,6)([20]9,11,0)([21]8,5,1)([22]20,6,2)([23]0,2,8)([24]19,2,3)([25]1,2,6)([26]3,2,5)([27]3,18,5)([28]17,18,3)([29]27,26,6)([30]24,28,3)([31]25,25,0)([32]0,5,8)([33]28,5,2)([34]24,0,2)([35]23,2,8)([36]6,0,3)([37]35,29,8)([38]30,2,6)([39]3,7,3)([40]29,29,5)([41]32,1,5)([42]6,3,6)([43]1,0,8)([44]41,41,1)([45]36,41,3)([46]41,0,5)([47]38,4,4)([48]0,36,5)([49]42,4,2)([50]44,1,4)([51]44,0,2)([52]45,3,7)([53]43,4,3)([54]5,44,2)([55]1,2,8)([56]6,49,0)([57]0,5,6)([58]52,50,3)([59]56,7,8)([60]0,55,1)([61]2,6,2)([62]1,56,6)([63]1,50,5)(32,51,37,15,23,25,47,9)

[  5.40000000e+01   8.30075026e-01   1.54056835e+00   2.18312500e+02
   0.00000000e+00   1.00000000e+00   2.00000000e+00   3.20000000e+01
   6.06500000e+03]
{8,8,8,7,2,1,24}([8]1,1,8)([9]0,2,1)([10]4,0,6)([11]5,4,0)([12]0,7,4)([13]4,4,5)([14]6,3,8)([15]2,14,4)([16]10,11,7)([17]13,2,0)([18]5,3,7)([19]13,2,4)([20]3,6,7)([21]12,2,1)([22]0,21,8)([23]4,16,3)([24]21,6,2)([25]2,15,4)([26]2,0,6)([27]7,20,4)([28]18,2,5)([29]7,3,7)([30]2,27,7)([31]5,26,5)([32]4,25,3)([33]2,24,5)([34]2,23,2)([35]2,26,1)([36]1,31,4)([37]2,31,6)([38]31,34,3)([39]33,29,3)([40]30,29,0)([41]30,7,2)([42]2,2,8)([43]39,36,8)([44]37,4,3)([45]6,3,4)([46]1,37,3)([47]5,1,4)([48]0,36,7)([49]40,7,7)([50]47,3,0)([51]3,43,5)([52]46,5,2)([53]48,43,4)([54]6,5,7)([55]48,7,2)([56]4,46,2)([57]50,7,5)([58]51,7,4)([59]4,54,7)([60]55,7,5)([61]5,55,4)([62]54,5,4)([63]56,54,2)(43,34,52,10,30,14,59,39)

[  5.60000000e+01   1.35614383e+00  -0.00000000e+00   2.15250000e+02
   0.00000000e+00   1.00000000e+00   2.00000000e+00   3.20000000e+01
   6.84100000e+03]
{8,8,8,7,2,1,24}([8]3,1,1)([9]7,0,2)([10]0,6,7)([11]7,2,3)([12]3,6,5)([13]1,3,7)([14]0,5,0)([15]3,14,1)([16]3,13,0)([17]11,14,8)([18]6,5,0)([19]10,12,5)([20]4,4,0)([21]14,4,8)([22]5,5,7)([23]3,5,7)([24]0,0,5)([25]16,20,5)([26]3,19,6)([27]19,17,3)([28]2,16,4)([29]27,1,1)([30]4,25,8)([31]1,6,1)([32]27,7,4)([33]0,6,0)([34]6,6,7)([35]7,28,4)([36]2,35,1)([37]4,35,2)([38]32,3,2)([39]31,0,1)([40]6,0,1)([41]35,2,1)([42]29,5,0)([43]36,1,8)([44]0,6,7)([45]5,38,5)([46]4,1,1)([47]7,7,0)([48]2,42,2)([49]1,2,1)([50]2,4,2)([51]3,0,7)([52]4,48,8)([53]46,7,4)([54]2,46,8)([55]49,45,2)([56]0,1,4)([57]56,50,8)([58]53,56,6)([59]56,52,4)([60]1,1,2)([61]56,0,4)([62]50,7,0)([63]53,50,6)(17,36,21,52,40,37,38,55)

[  4.90000000e+01   1.66015005e+00   1.00000000e+00   2.31250000e+02
   0.00000000e+00   1.00000000e+00   2.00000000e+00   3.70000000e+01
   7.12800000e+03]
{8,8,8,7,2,1,19}([8]1,3,1)([9]2,4,2)([10]4,4,0)([11]1,2,1)([12]1,5,3)([13]0,4,6)([14]4,5,3)([15]3,5,4)([16]13,1,2)([17]0,10,2)([18]1,13,4)([19]3,6,6)([20]8,2,3)([21]9,11,7)([22]5,18,2)([23]1,0,5)([24]2,16,3)([25]3,1,2)([26]18,1,6)([27]21,19,6)([28]20,21,0)([29]5,6,4)([30]3,6,4)([31]28,5,6)([32]2,5,4)([33]5,7,8)([34]27,22,7)([35]6,22,3)([36]34,0,4)([37]2,7,0)([38]0,29,0)([39]5,3,2)([40]6,32,4)([41]4,35,1)([42]1,0,8)([43]1,0,7)([44]42,6,0)([45]5,40,5)([46]2,39,1)([47]40,3,3)([48]41,4,2)([49]39,36,6)([50]46,5,6)([51]1,2,3)([52]7,0,5)([53]0,47,1)([54]43,45,1)([55]0,7,6)([56]1,3,4)([57]56,7,6)([58]50,2,4)([59]50,54,2)([60]0,52,8)([61]55,52,1)([62]54,50,3)([63]50,2,7)(9,55,17,62,19,22,11,25)

[  0.00000000e+00  -0.00000000e+00   2.00000000e+00   2.22000000e+02
   0.00000000e+00   1.00000000e+00   2.00000000e+00   4.40000000e+01
   7.65400000e+03]
{8,8,8,7,2,1,12}([8]2,4,5)([9]7,6,6)([10]7,1,5)([11]2,2,3)([12]6,7,1)([13]4,2,6)([14]0,3,2)([15]5,9,5)([16]12,0,4)([17]14,12,7)([18]3,5,5)([19]8,3,3)([20]7,5,6)([21]5,10,3)([22]21,20,8)([23]4,0,4)([24]18,1,3)([25]15,21,6)([26]4,18,7)([27]7,3,7)([28]4,2,8)([29]6,26,1)([30]28,0,2)([31]2,5,2)([32]3,2,5)([33]4,7,5)([34]24,3,3)([35]6,1,8)([36]5,7,7)([37]3,29,7)([38]4,30,6)([39]4,5,2)([40]29,5,1)([41]0,29,7)([42]6,29,7)([43]4,3,8)([44]38,1,7)([45]1,3,7)([46]2,5,3)([47]36,42,7)([48]5,39,2)([49]41,37,8)([50]45,46,0)([51]46,1,6)([52]2,43,3)([53]44,46,8)([54]7,46,4)([55]45,6,4)([56]46,48,5)([57]2,52,2)([58]56,7,1)([59]5,6,3)([60]51,55,2)([61]0,1,4)([62]5,50,0)([63]3,4,7)(35,36,36,9,28,14,60,38)

[  9.00000000e+01   1.86218813e-01   1.00000000e+00   2.25250000e+02
   0.00000000e+00   1.00000000e+00   2.00000000e+00   2.70000000e+01
   8.84600000e+03]
{8,8,8,7,2,1,29}([8]6,6,5)([9]4,0,2)([10]6,1,1)([11]6,2,2)([12]2,6,5)([13]4,2,5)([14]4,7,3)([15]1,9,7)([16]0,9,2)([17]13,0,5)([18]13,8,7)([19]2,12,0)([20]11,5,7)([21]0,10,0)([22]18,21,6)([23]3,19,1)([24]5,20,7)([25]6,1,4)([26]19,16,1)([27]17,5,6)([28]21,20,2)([29]24,7,7)([30]25,5,6)([31]1,22,2)([32]27,27,2)([33]28,3,6)([34]22,25,0)([35]23,28,3)([36]29,35,7)([37]3,30,1)([38]34,35,3)([39]4,4,8)([40]32,31,3)([41]3,0,5)([42]29,0,8)([43]37,38,8)([44]37,3,5)([45]41,7,1)([46]37,2,4)([47]7,41,8)([48]5,38,1)([49]3,2,3)([50]48,49,6)([51]49,43,2)([52]1,2,0)([53]7,46,2)([54]7,0,4)([55]6,3,7)([56]7,44,6)([57]7,7,3)([58]0,0,2)([59]51,2,0)([60]54,2,2)([61]50,1,0)([62]0,50,8)([63]3,51,7)(63,36,16,43,48,23,10,42)

[  9.60000000e+01   5.99120557e-01   4.15037513e-01   2.24437500e+02
   0.00000000e+00   1.00000000e+00   2.00000000e+00   2.80000000e+01
   9.51900000e+03]
{8,8,8,7,2,1,28}([8]6,6,6)([9]6,2,1)([10]2,3,2)([11]6,5,5)([12]1,3,6)([13]3,3,8)([14]0,7,7)([15]4,11,8)([16]0,4,1)([17]4,0,4)([18]5,13,2)([19]7,11,1)([20]3,6,2)([21]10,12,5)([22]4,7,3)([23]2,15,0)([24]21,5,1)([25]16,20,7)([26]15,15,1)([27]20,15,3)([28]0,5,0)([29]4,6,4)([30]28,6,1)([31]0,24,4)([32]0,23,1)([33]1,7,0)([34]5,25,6)([35]25,26,8)([36]6,5,1)([37]7,35,8)([38]2,35,4)([39]0,30,3)([40]32,29,7)([41]33,31,7)([42]5,29,5)([43]1,39,2)([44]40,3,6)([45]41,36,4)([46]41,1,2)([47]3,6,1)([48]4,5,4)([49]6,37,6)([50]46,4,1)([51]47,43,2)([52]49,47,2)([53]1,45,6)([54]49,5,8)([55]7,49,7)([56]4,44,8)([57]52,7,8)([58]55,54,5)([59]7,3,6)([60]7,56,5)([61]6,50,7)([62]2,55,1)([63]53,54,2)(57,34,60,54,52,59,24,62)

[  1.38000000e+02  -0.00000000e+00   4.15037513e-01   2.28312500e+02
   0.00000000e+00   1.00000000e+00   2.00000000e+00   3.40000000e+01
   9.74300000e+03]
{8,8,8,7,2,1,22}([8]1,2,8)([9]7,7,6)([10]5,2,4)([11]6,5,1)([12]5,2,1)([13]4,5,6)([14]1,6,6)([15]12,0,3)([16]11,0,4)([17]4,7,3)([18]7,12,1)([19]12,8,3)([20]13,4,3)([21]11,7,6)([22]6,18,6)([23]3,2,8)([24]4,0,2)([25]0,21,7)([26]4,0,8)([27]2,5,2)([28]6,3,8)([29]5,25,6)([30]22,4,2)([31]26,28,3)([32]1,23,3)([33]1,28,7)([34]0,6,1)([35]23,25,3)([36]2,33,1)([37]7,2,8)([38]5,35,7)([39]34,31,2)([40]33,6,0)([41]33,2,8)([42]33,1,7)([43]36,0,2)([44]40,0,0)([45]38,37,8)([46]40,42,1)([47]4,7,8)([48]38,1,7)([49]1,38,3)([50]4,49,7)([51]49,4,3)([52]6,49,6)([53]0,45,2)([54]44,5,3)([55]47,43,7)([56]48,49,6)([57]2,1,7)([58]54,54,0)([59]7,51,7)([60]1,50,3)([61]6,53,6)([62]55,5,1)([63]51,3,8)(22,37,45,49,62,31,42,38)

[  7.20000000e+01   3.85290146e-01   5.73735237e-01   2.06000000e+02
   0.00000000e+00   1.00000000e+00   2.00000000e+00   2.30000000e+01
   1.17750000e+04]
{8,8,8,7,2,1,33}([8]3,7,2)([9]7,3,1)([10]1,1,7)([11]6,2,4)([12]0,0,3)([13]4,0,0)([14]7,3,8)([15]8,10,2)([16]14,11,3)([17]1,14,1)([18]9,8,5)([19]5,8,1)([20]7,12,1)([21]0,1,1)([22]21,16,3)([23]6,3,1)([24]19,18,3)([25]15,5,4)([26]19,16,7)([27]17,21,7)([28]16,19,6)([29]28,25,6)([30]24,25,0)([31]23,3,4)([32]23,5,6)([33]4,27,7)([34]22,2,6)([35]3,26,6)([36]6,31,8)([37]34,7,2)([38]6,32,2)([39]4,30,6)([40]7,32,3)([41]1,3,8)([42]29,33,3)([43]41,37,8)([44]41,41,0)([45]0,37,8)([46]5,42,7)([47]39,2,7)([48]37,1,1)([49]39,42,5)([50]5,3,6)([51]43,44,8)([52]49,48,6)([53]43,45,3)([54]7,3,7)([55]45,43,3)([56]45,2,0)([57]3,53,7)([58]2,53,4)([59]52,4,0)([60]51,6,4)([61]50,0,7)([62]51,5,3)([63]56,4,7)(27,46,28,15,52,47,44,53)

[  1.38000000e+02  -0.00000000e+00   4.15037513e-01   2.10000000e+02
   0.00000000e+00   1.00000000e+00   2.00000000e+00   3.70000000e+01
   1.20210000e+04]
{8,8,8,7,2,1,19}([8]6,1,2)([9]5,6,6)([10]7,3,7)([11]4,3,8)([12]7,5,4)([13]2,6,5)([14]1,7,8)([15]3,8,6)([16]1,2,7)([17]10,8,4)([18]13,8,6)([19]2,4,1)([20]4,0,3)([21]4,9,3)([22]1,4,7)([23]0,2,6)([24]6,18,1)([25]20,18,7)([26]15,20,4)([27]18,17,3)([28]19,16,7)([29]4,23,6)([30]28,22,3)([31]0,3,5)([32]27,23,4)([33]27,0,3)([34]1,27,8)([35]23,27,7)([36]30,6,8)([37]3,6,3)([38]34,29,3)([39]2,29,1)([40]6,33,1)([41]7,35,4)([42]2,32,2)([43]4,37,6)([44]38,7,4)([45]38,39,8)([46]2,39,7)([47]3,7,8)([48]1,0,1)([49]5,38,8)([50]44,3,3)([51]45,44,3)([52]45,44,2)([53]49,1,4)([54]0,7,2)([55]4,46,6)([56]7,0,0)([57]50,4,5)([58]53,52,3)([59]50,0,1)([60]54,3,5)([61]6,55,0)([62]52,5,0)([63]55,50,7)(8,29,43,38,62,49,54,43)

[  1.20000000e+02  -0.00000000e+00   4.92205352e-01   1.88000000e+02
   0.00000000e+00   1.00000000e+00   2.00000000e+00   3.40000000e+01
   1.21130000e+04]
{8,8,8,7,2,1,22}([8]4,1,6)([9]3,5,4)([10]5,4,0)([11]1,3,5)([12]1,7,3)([13]4,6,4)([14]6,1,8)([15]5,1,6)([16]13,8,1)([17]5,6,2)([18]0,8,0)([19]12,6,1)([20]5,7,7)([21]5,3,4)([22]3,19,7)([23]2,3,7)([24]0,1,1)([25]20,6,4)([26]18,5,1)([27]16,21,1)([28]1,18,8)([29]0,23,5)([30]22,6,1)([31]28,22,2)([32]23,25,4)([33]23,25,3)([34]6,26,4)([35]22,25,8)([36]31,5,2)([37]33,4,3)([38]5,33,6)([39]3,3,8)([40]30,2,1)([41]1,30,3)([42]32,0,2)([43]2,0,4)([44]37,42,6)([45]41,0,4)([46]41,5,5)([47]38,40,3)([48]7,4,3)([49]0,5,5)([50]4,44,2)([51]4,1,1)([52]1,6,3)([53]0,44,3)([54]5,4,5)([55]43,0,3)([56]4,48,3)([57]54,4,7)([58]55,0,2)([59]1,4,6)([60]2,0,0)([61]52,3,5)([62]53,5,2)([63]55,50,8)(63,47,20,62,24,47,63,24)

[  9.60000000e+01  -0.00000000e+00   6.07682586e-01   2.24000000e+02
   0.00000000e+00   1.00000000e+00   3.00000000e+00   3.20000000e+01
   1.23590000e+04]
{8,8,8,7,2,1,24}([8]4,3,7)([9]0,0,3)([10]0,2,6)([11]7,1,6)([12]7,4,2)([13]3,7,1)([14]1,4,3)([15]6,5,6)([16]1,4,7)([17]4,1,3)([18]8,10,7)([19]8,2,7)([20]8,14,1)([21]7,4,3)([22]0,19,1)([23]4,1,0)([24]2,15,6)([25]7,19,1)([26]17,20,3)([27]7,7,7)([28]1,19,3)([29]6,22,4)([30]4,24,2)([31]3,26,3)([32]26,25,7)([33]28,27,0)([34]22,1,7)([35]26,7,8)([36]35,34,4)([37]30,34,6)([38]32,35,7)([39]35,0,7)([40]32,3,4)([41]32,4,8)([42]5,29,2)([43]6,0,4)([44]6,6,5)([45]3,38,8)([46]0,36,1)([47]39,37,0)([48]6,40,5)([49]40,5,8)([50]46,1,8)([51]45,5,6)([52]43,3,5)([53]1,1,8)([54]49,45,6)([55]45,45,7)([56]44,49,8)([57]3,55,6)([58]6,1,0)([59]0,52,8)([60]5,54,5)([61]55,53,7)([62]7,4,1)([63]50,1,6)(34,54,56,54,50,33,56,38)

[  2.17000000e+02  -0.00000000e+00  -0.00000000e+00   1.92000000e+02
   0.00000000e+00   1.00000000e+00   3.00000000e+00   4.00000000e+01
   1.32500000e+04]
{8,8,8,7,2,1,16}([8]5,5,8)([9]3,2,6)([10]2,2,8)([11]3,6,1)([12]5,6,5)([13]0,3,2)([14]6,1,3)([15]3,14,2)([16]1,8,6)([17]3,14,4)([18]11,9,1)([19]0,10,3)([20]12,7,3)([21]10,7,6)([22]17,6,7)([23]18,2,4)([24]6,7,2)([25]18,5,7)([26]1,4,0)([27]15,1,2)([28]16,18,6)([29]7,5,4)([30]26,4,6)([31]4,25,2)([32]4,25,6)([33]26,25,2)([34]27,2,2)([35]25,3,2)([36]5,1,5)([37]7,31,3)([38]3,1,8)([39]32,31,5)([40]5,29,6)([41]4,33,0)([42]3,31,8)([43]1,0,2)([44]41,0,0)([45]39,1,0)([46]6,37,7)([47]3,3,8)([48]41,7,1)([49]39,3,3)([50]5,48,7)([51]43,45,2)([52]46,3,0)([53]4,47,8)([54]44,49,1)([55]7,46,7)([56]0,43,4)([57]53,50,4)([58]51,4,1)([59]51,55,6)([60]50,7,3)([61]0,5,4)([62]55,50,2)([63]3,6,2)(45,49,45,39,32,49,37,60)

[  1.04000000e+02  -0.00000000e+00   8.70716989e-01   1.97250000e+02
   0.00000000e+00   1.00000000e+00   2.00000000e+00   3.40000000e+01
   1.48610000e+04]
{8,8,8,7,2,1,22}([8]5,4,5)([9]0,3,3)([10]3,7,6)([11]4,2,7)([12]5,6,3)([13]6,2,3)([14]5,0,8)([15]10,6,7)([16]9,12,2)([17]8,3,2)([18]14,12,4)([19]10,5,6)([20]10,4,2)([21]8,5,8)([22]21,15,2)([23]18,17,4)([24]19,16,3)([25]1,18,4)([26]6,17,5)([27]20,6,7)([28]17,15,2)([29]27,0,7)([30]3,23,7)([31]25,27,8)([32]1,24,0)([33]4,24,1)([34]28,22,5)([35]4,5,5)([36]6,31,4)([37]3,32,0)([38]33,5,4)([39]3,35,2)([40]33,35,0)([41]2,32,1)([42]3,2,0)([43]39,2,7)([44]38,38,7)([45]42,36,3)([46]4,5,3)([47]4,36,3)([48]2,40,6)([49]37,0,5)([50]49,1,0)([51]44,48,0)([52]45,48,0)([53]47,4,6)([54]48,45,7)([55]48,7,6)([56]0,43,6)([57]54,0,7)([58]51,56,8)([59]7,3,1)([60]54,0,1)([61]54,4,3)([62]53,1,8)([63]5,7,1)(31,31,16,43,40,55,56,41)

[  1.04000000e+02  -0.00000000e+00   8.70716989e-01   1