Ga searching with population size: 100 and generation count: 250
genome: PERMUTATION (True, 2, 2) criterion: SAC
probability of mutation: 0.020000 probability of crossover: 0.200000
convergence: 1
16 best results: fitness min/avg/max/mdev : 1/1/1/0
Fit	Bent	SAC	LpMax	DpMax	Bij	Bidir	BF	MinDeg	Polynoms
1	0	0	1	1	1	0	2	1	b , 1 + a , 	
Chromozome:	2 0 3 1 

1	0	0	1	1	1	1	2	1	1 + a , 1 + b , 	
Chromozome:	3 2 1 0 

1	0	0	1	1	1	0	2	1	1 + b , a , 	
Chromozome:	1 3 0 2 

1	0	0	1	1	1	0	2	1	1 + b , a , 	
Chromozome:	1 3 0 2 

1	0	0	1	1	1	1	2	1	1 + a , b , 	
Chromozome:	1 0 3 2 

1	0	0	1	1	1	1	2	1	1 + a , 1 + b , 	
Chromozome:	3 2 1 0 

1	0	0	1	1	1	0	2	1	b , 1 + a , 	
Chromozome:	2 0 3 1 

1	0	0	1	1	1	1	2	1	b , a , 	
Chromozome:	0 2 1 3 

1	0	0	1	1	1	1	2	1	1 + a , 1 + b , 	
Chromozome:	3 2 1 0 

1	0	0	1	1	1	1	2	1	1 + a , 1 + b , 	
Chromozome:	3 2 1 0 

1	0	0	1	1	1	1	2	1	a , b , 	
Chromozome:	0 1 2 3 

1	0	0	1	1	1	0	2	1	b , 1 + a , 	
Chromozome:	2 0 3 1 

1	0	0	1	1	1	0	2	1	1 + b , a , 	
Chromozome:	1 3 0 2 

1	0	0	1	1	1	0	2	1	b , 1 + a , 	
Chromozome:	2 0 3 1 

1	0	0	1	1	1	0	2	1	b , 1 + a , 	
Chromozome:	2 0 3 1 

1	0	0	1	1	1	1	2	1	b , a , 	
Chromozome:	0 2 1 3 


main.cpp:195	::	2 0 3 1 
main.cpp:195	::	2 0 3 1 
main.cpp:195	::	2 0 3 1 
main.cpp:195	::	2 0 3 1 
ParallelRandom searching with population size: 2000 and generation count: 100000
genome: CGP (2, 2, 2, 2, 2) symbolical regresion 

convergence: 0
16 best results: fitness min/avg/max/mdev : 0/0/0/0
Fit	Bent	SAC	LpMax	DpMax	Bij	Bidir	BF	MinDeg	Polynoms
0	0	0	1	1	1	0	2	1	b , 1 + a , 	
Chromozome:	{2,2,2,2,2,1,1}([2]1,0,5)([3]1,0,4)([4]1,3,3)([5]3,3,1)(1,2)


0	0	0	1	1	1	0	2	1	b , 1 + a , 	
Chromozome:	{2,2,2,2,2,1,1}([2]0,0,7)([3]0,0,4)([4]3,3,1)([5]0,3,3)(1,2)


0	0	0	1	1	1	0	2	1	b , 1 + a , 	
Chromozome:	{2,2,2,2,2,1,3}([2]1,0,5)([3]1,0,4)([4]3,2,3)([5]2,3,0)(1,5)


0	0	0	1	1	1	0	2	1	b , 1 + a , 	
Chromozome:	{2,2,2,2,2,1,2}([2]0,1,4)([3]0,0,3)([4]3,3,2)([5]1,1,2)(5,2)


0	0	0	1	1	1	0	2	1	b , 1 + a , 	
Chromozome:	{2,2,2,2,2,1,1}([2]1,1,7)([3]1,1,2)([4]3,3,6)([5]0,0,4)(1,5)


0	0	0	1	1	1	0	2	1	b , 1 + a , 	
Chromozome:	{2,2,2,2,2,1,1}([2]0,0,8)([3]1,0,3)([4]1,0,3)([5]2,1,6)(1,2)


0	0	0	1	1	1	0	2	1	b , 1 + a , 	
Chromozome:	{2,2,2,2,2,1,1}([2]1,1,1)([3]0,1,6)([4]0,0,7)([5]3,3,6)(1,4)


0	0	0	1	1	1	0	2	1	b , 1 + a , 	
Chromozome:	{2,2,2,2,2,1,2}([2]0,0,4)([3]1,0,2)([4]1,0,0)([5]3,0,5)(4,2)


0	0	0	1	1	1	0	2	1	b , 1 + a , 	
Chromozome:	{2,2,2,2,2,1,2}([2]0,0,6)([3]0,0,1)([4]3,3,5)([5]1,0,7)(1,4)


0	0	0	1	1	1	0	2	1	b , 1 + a , 	
Chromozome:	{2,2,2,2,2,1,2}([2]1,1,7)([3]0,0,5)([4]1,0,0)([5]2,3,4)(4,3)


0	0	0	1	1	1	0	2	1	b , 1 + a , 	
Chromozome:	{2,2,2,2,2,1,1}([2]0,0,3)([3]0,0,7)([4]1,2,4)([5]0,1,0)(1,3)


0	0	0	1	1	1	0	2	1	b , 1 + a , 	
Chromozome:	{2,2,2,2,2,1,1}([2]1,0,6)([3]1,0,5)([4]0,2,8)([5]0,1,0)(1,3)


0	0	0	1	1	1	0	2	1	b , 1 + a , 	
Chromozome:	{2,2,2,2,2,1,3}([2]0,0,0)([3]1,0,3)([4]3,2,5)([5]1,2,8)(1,4)


0	0	0	1	1	1	0	2	1	b , 1 + a , 	
Chromozome:	{2,2,2,2,2,1,2}([2]1,1,3)([3]1,1,2)([4]1,1,2)([5]1,0,5)(4,5)


0	0	0	1	1	1	0	2	1	b , 1 + a , 	
Chromozome:	{2,2,2,2,2,1,1}([2]1,1,1)([3]0,1,5)([4]0,0,5)([5]1,0,1)(1,4)


0	0	0	1	1	1	0	2	1	b , 1 + a , 	
Chromozome:	{2,2,2,2,2,1,1}([2]0,0,7)([3]0,1,0)([4]3,2,2)([5]1,0,7)(1,2)



ParallelRandom searching with population size: 2000 and generation count: 100000
genome: CGP (2, 2, 2, 2, 2) symbolical regresion 

convergence: 0
16 best results: fitness min/avg/max/mdev : 0/0/0/0
Fit	Bent	SAC	LpMax	DpMax	Bij	Bidir	BF	MinDeg	Polynoms
0	0	0	1	1	1	0	2	1	b , 1 + a , 	
Chromozome:	{2,2,2,2,2,1,1}([2]0,0,8)([3]0,1,7)([4]0,0,6)([5]1,0,1)(1,2)


0	0	0	1	1	1	0	2	1	b , 1 + a , 	
Chromozome:	{2,2,2,2,2,1,1}([2]1,0,5)([3]1,1,1)([4]1,0,8)([5]2,1,1)(1,2)


0	0	0	1	1	1	0	2	1	b , 1 + a , 	
Chromozome:	{2,2,2,2,2,1,1}([2]1,0,8)([3]0,0,7)([4]0,0,0)([5]1,1,4)(1,3)


0	0	0	1	1	1	0	2	1	b , 1 + a , 	
Chromozome:	{2,2,2,2,2,1,1}([2]1,1,2)([3]0,0,4)([4]1,3,7)([5]2,1,4)(1,3)


0	0	0	1	1	1	0	2	1	b , 1 + a , 	
Chromozome:	{2,2,2,2,2,1,2}([2]0,1,1)([3]0,0,1)([4]3,3,4)([5]3,1,7)(1,4)


0	0	0	1	1	1	0	2	1	b , 1 + a , 	
Chromozome:	{2,2,2,2,2,1,1}([2]0,1,8)([3]0,0,5)([4]2,1,4)([5]0,2,8)(1,3)


0	0	0	1	1	1	0	2	1	b , 1 + a , 	
Chromozome:	{2,2,2,2,2,1,1}([2]0,1,2)([3]0,1,6)([4]2,1,5)([5]0,0,5)(1,5)


0	0	0	1	1	1	0	2	1	b , 1 + a , 	
Chromozome:	{2,2,2,2,2,1,3}([2]0,0,3)([3]0,0,6)([4]3,1,3)([5]0,0,8)(4,5)


0	0	0	1	1	1	0	2	1	b , 1 + a , 	
Chromozome:	{2,2,2,2,2,1,3}([2]0,0,4)([3]1,1,5)([4]3,1,3)([5]3,2,4)(5,2)


0	0	0	1	1	1	0	2	1	b , 1 + a , 	
Chromozome:	{2,2,2,2,2,1,1}([2]0,0,7)([3]1,1,0)([4]1,0,6)([5]0,0,6)(1,2)


0	0	0	1	1	1	0	2	1	b , 1 + a , 	
Chromozome:	{2,2,2,2,2,1,1}([2]0,0,4)([3]0,1,3)([4]1,2,1)([5]2,0,7)(1,2)


0	0	0	1	1	1	0	2	1	b , 1 + a , 	
Chromozome:	{2,2,2,2,2,1,1}([2]0,0,4)([3]0,1,0)([4]0,0,8)([5]2,3,6)(1,4)


0	0	0	1	1	1	0	2	1	b , 1 + a , 	
Chromozome:	{2,2,2,2,2,1,3}([2]0,1,1)([3]0,0,1)([4]2,3,5)([5]1,3,4)(1,4)


0	0	0	1	1	1	0	2	1	b , 1 + a , 	
Chromozome:	{2,2,2,2,2,1,3}([2]1,1,2)([3]0,1,0)([4]2,3,5)([5]2,1,5)(1,4)


0	0	0	1	1	1	0	2	1	b , 1 + a , 	
Chromozome:	{2,2,2,2,2,1,1}([2]0,0,4)([3]0,1,0)([4]0,3,8)([5]0,1,3)(1,2)


0	0	0	1	1	1	0	2	1	b , 1 + a , 	
Chromozome:	{2,2,2,2,2,1,1}([2]0,1,5)([3]0,0,5)([4]3,3,2)([5]0,2,8)(1,3)



ParallelRandom searching with population size: 2000 and generation count: 100000
genome: CGP (2, 2, 2, 2, 2) symbolical regresion 

convergence: 0
16 best results: fitness min/avg/max/mdev : 0/0/0/0
Fit	Bent	SAC	LpMax	DpMax	Bij	Bidir	BF	MinDeg	Polynoms
0	0	0	1	1	1	0	2	1	b , 1 + a , 	
Chromozome:	{2,2,2,2,2,1,2}([2]0,0,3)([3]1,1,0)([4]0,0,8)([5]1,1,3)(3,4)


0	0	0	1	1	1	0	2	1	b , 1 + a , 	
Chromozome:	{2,2,2,2,2,1,1}([2]1,0,5)([3]0,0,0)([4]3,1,7)([5]2,1,2)(1,2)


0	0	0	1	1	1	0	2	1	b , 1 + a , 	
Chromozome:	{2,2,2,2,2,1,1}([2]0,0,5)([3]0,1,0)([4]2,2,5)([5]1,1,2)(1,2)


0	0	0	1	1	1	0	2	1	b , 1 + a , 	
Chromozome:	{2,2,2,2,2,1,2}([2]1,1,1)([3]1,1,8)([4]0,0,5)([5]0,0,0)(2,4)


0	0	0	1	1	1	0	2	1	b , 1 + a , 	
Chromozome:	{2,2,2,2,2,1,1}([2]0,1,4)([3]1,0,1)([4]3,1,7)([5]1,0,5)(1,5)


0	0	0	1	1	1	0	2	1	b , 1 + a , 	
Chromozome:	{2,2,2,2,2,1,2}([2]1,1,0)([3]0,1,4)([4]1,2,5)([5]0,0,4)(2,3)


0	0	0	1	1	1	0	2	1	b , 1 + a , 	
Chromozome:	{2,2,2,2,2,1,1}([2]1,1,2)([3]0,0,4)([4]1,3,5)([5]3,3,3)(1,3)


0	0	0	1	1	1	0	2	1	b , 1 + a , 	
Chromozome:	{2,2,2,2,2,1,2}([2]0,0,4)([3]1,1,1)([4]2,0,0)([5]1,3,0)(1,4)


0	0	0	1	1	1	0	2	1	b , 1 + a , 	
Chromozome:	{2,2,2,2,2,1,1}([2]0,0,0)([3]1,0,3)([4]1,0,5)([5]1,2,4)(1,4)


0	0	0	1	1	1	0	2	1	b , 1 + a , 	
Chromozome:	{2,2,2,2,2,1,1}([2]1,0,3)([3]0,0,8)([4]0,1,4)([5]1,3,8)(1,3)


0	0	0	1	1	1	0	2	1	b , 1 + a , 	
Chromozome:	{2,2,2,2,2,1,1}([2]0,1,6)([3]1,0,3)([4]0,0,7)([5]1,2,0)(1,4)


0	0	0	1	1	1	0	2	1	b , 1 + a , 	
Chromozome:	{2,2,2,2,2,1,1}([2]0,0,7)([3]0,0,4)([4]2,2,4)([5]1,3,3)(1,3)


0	0	0	1	1	1	0	2	1	b , 1 + a , 	
Chromozome:	{2,2,2,2,2,1,2}([2]1,1,1)([3]1,0,5)([4]2,3,0)([5]1,3,0)(5,3)


0	0	0	1	1	1	0	2	1	b , 1 + a , 	
Chromozome:	{2,2,2,2,2,1,1}([2]0,0,5)([3]1,0,1)([4]2,2,6)([5]2,1,0)(1,2)


0	0	0	1	1	1	0	2	1	b , 1 + a , 	
Chromozome:	{2,2,2,2,2,1,2}([2]0,1,4)([3]1,0,2)([4]1,3,8)([5]1,1,2)(5,2)


0	0	0	1	1	1	0	2	1	b , 1 + a , 	
Chromozome:	{2,2,2,2,2,1,2}([2]1,1,4)([3]1,0,6)([4]3,0,5)([5]1,1,7)(1,4)



ParallelRandom searching with population size: 2000 and generation count: 100000
genome: CGP (2, 2, 2, 2, 2) symbolical regresion 

convergence: 0
16 best results: fitness min/avg/max/mdev : 0/0/0/0
Fit	Bent	SAC	LpMax	DpMax	Bij	Bidir	BF	MinDeg	Polynoms
0	0	0	1	1	1	0	2	1	b , 1 + a , 	
Chromozome:	{2,2,2,2,2,1,1}([2]0,1,4)([3]0,1,8)([4]0,3,2)([5]0,0,7)(1,5)


0	0	0	1	1	1	0	2	1	b , 1 + a , 	
Chromozome:	{2,2,2,2,2,1,2}([2]1,0,0)([3]1,1,8)([4]2,0,5)([5]1,1,2)(1,4)


0	0	0	1	1	1	0	2	1	b , 1 + a , 	
Chromozome:	{2,2,2,2,2,1,1}([2]0,1,3)([3]0,0,5)([4]3,2,0)([5]0,1,4)(1,5)


0	0	0	1	1	1	0	2	1	b , 1 + a , 	
Chromozome:	{2,2,2,2,2,1,1}([2]0,1,3)([3]0,0,8)([4]1,3,3)([5]0,1,2)(1,3)


0	0	0	1	1	1	0	2	1	b , 1 + a , 	
Chromozome:	{2,2,2,2,2,1,1}([2]1,1,0)([3]0,0,8)([4]1,3,8)([5]2,1,3)(1,3)


0	0	0	1	1	1	0	2	1	b , 1 + a , 	
Chromozome:	{2,2,2,2,2,1,2}([2]0,1,7)([3]0,0,8)([4]3,3,1)([5]2,2,0)(1,4)


0	0	0	1	1	1	0	2	1	b , 1 + a , 	
Chromozome:	{2,2,2,2,2,1,1}([2]0,0,5)([3]0,0,5)([4]1,0,1)([5]1,0,5)(1,5)


0	0	0	1	1	1	0	2	1	b , 1 + a , 	
Chromozome:	{2,2,2,2,2,1,3}([2]1,1,4)([3]1,1,7)([4]2,2,4)([5]0,0,4)(4,5)


0	0	0	1	1	1	0	2	1	b , 1 + a , 	
Chromozome:	{2,2,2,2,2,1,2}([2]1,1,2)([3]0,0,4)([4]1,3,3)([5]1,3,4)(2,3)


0	0	0	1	1	1	0	2	1	b , 1 + a , 	
Chromozome:	{2,2,2,2,2,1,2}([2]1,1,1)([3]1,0,8)([4]2,1,5)([5]0,2,4)(1,5)


0	0	0	1	1	1	0	2	1	b , 1 + a , 	
Chromozome:	{2,2,2,2,2,1,3}([2]1,1,2)([3]0,0,5)([4]1,3,2)([5]2,3,0)(5,3)


0	0	0	1	1	1	0	2	1	b , 1 + a , 	
Chromozome:	{2,2,2,2,2,1,1}([2]1,1,8)([3]0,1,4)([4]2,2,4)([5]1,3,0)(1,3)


0	0	0	1	1	1	0	2	1	b , 1 + a , 	
Chromozome:	{2,2,2,2,2,1,1}([2]1,0,6)([3]0,1,1)([4]0,0,8)([5]2,3,6)(1,4)


0	0	0	1	1	1	0	2	1	b , 1 + a , 	
Chromozome:	{2,2,2,2,2,1,2}([2]1,0,0)([3]0,0,5)([4]1,3,2)([5]2,1,3)(2,3)


0	0	0	1	1	1	0	2	1	b , 1 + a , 	
Chromozome:	{2,2,2,2,2,1,2}([2]1,0,0)([3]0,0,8)([4]0,2,2)([5]1,0,4)(2,3)


0	0	0	1	1	1	0	2	1	b , 1 + a , 	
Chromozome:	{2,2,2,2,2,1,1}([2]0,1,4)([3]1,1,3)([4]2,1,0)([5]3,1,5)(1,2)



Exited with status: 0
