Vega searching with population size: 30 and generation count: 30
genome: CGP (6, 6, 6, 5, 15)
probability of mutation: 0.900000 probability of crossover: 0.000000
criterions: [BENT_AND_MOSAC, LP_MAX, DP_MAX, SAC, BF, POLYNOMIAL_DEGREE]
[ 56.  -0.  -0.  43.   0.   1.   1.  19.   0.]
{6,6,6,5,2,1,11}([6]2,1,5)([7]1,1,3)([8]1,5,4)([9]0,4,0)([10]5,4,2)([11]3,7,1)([12]7,6,4)([13]10,6,8)([14]9,5,0)([15]10,9,4)([16]14,1,2)([17]0,1,2)([18]4,1,4)([19]0,11,4)([20]2,15,8)([21]20,4,6)([22]18,17,5)([23]5,3,7)([24]17,1,5)([25]3,4,5)([26]4,22,0)([27]3,2,5)([28]2,21,5)([29]24,21,4)([30]22,21,3)([31]5,5,6)([32]0,0,4)([33]5,30,2)([34]30,0,4)([35]3,30,6)(25,30,20,21,34,17)

[ 56.  -0.  -0.  43.   0.   1.   1.  19.   0.]
{6,6,6,5,2,1,11}([6]2,1,5)([7]1,1,3)([8]1,5,4)([9]0,4,0)([10]5,4,2)([11]3,7,1)([12]7,6,4)([13]10,6,8)([14]9,5,0)([15]10,9,4)([16]14,1,2)([17]0,1,2)([18]4,1,4)([19]0,11,4)([20]2,15,8)([21]20,4,6)([22]18,17,5)([23]5,3,7)([24]17,1,5)([25]3,4,5)([26]4,22,0)([27]3,2,5)([28]2,21,5)([29]24,21,4)([30]22,21,3)([31]5,5,6)([32]0,0,4)([33]5,30,2)([34]30,0,4)([35]3,30,6)(25,30,20,21,34,17)

[ 56.  -0.  -0.  43.   0.   1.   1.  19.   0.]
{6,6,6,5,2,1,11}([6]2,1,5)([7]1,1,3)([8]1,5,4)([9]0,4,0)([10]5,4,2)([11]3,7,1)([12]7,6,4)([13]10,6,8)([14]9,5,0)([15]10,9,4)([16]14,1,2)([17]0,1,2)([18]4,1,4)([19]0,11,4)([20]2,15,8)([21]20,4,6)([22]18,17,5)([23]5,3,7)([24]17,1,5)([25]3,4,5)([26]4,22,0)([27]3,2,5)([28]2,21,5)([29]24,21,4)([30]22,21,3)([31]5,5,6)([32]0,0,4)([33]5,30,2)([34]30,0,4)([35]3,30,6)(25,30,20,21,34,17)

[ 16.          -0.           0.41503751  55.           0.           1.           1.
  17.          25.        ]
{6,6,6,5,2,1,13}([6]2,0,2)([7]1,5,0)([8]1,3,5)([9]4,4,5)([10]1,0,7)([11]1,5,8)([12]2,5,7)([13]10,9,3)([14]9,9,3)([15]3,9,4)([16]11,0,2)([17]0,12,3)([18]4,15,3)([19]0,2,8)([20]14,3,3)([21]2,17,8)([22]17,3,4)([23]16,17,5)([24]2,2,7)([25]17,20,8)([26]4,21,0)([27]24,22,7)([28]25,4,6)([29]4,25,4)([30]0,0,8)([31]1,3,1)([32]2,26,4)([33]30,0,6)([34]26,5,7)([35]29,5,0)(28,34,13,22,17,1)

[  0.  -0.   1.  53.   0.   1.   2.  19.  44.]
{6,6,6,5,2,1,11}([6]5,1,0)([7]1,0,4)([8]4,4,4)([9]4,2,1)([10]0,4,1)([11]2,6,2)([12]3,1,3)([13]5,8,4)([14]5,10,3)([15]3,0,2)([16]5,12,3)([17]14,12,6)([18]5,4,4)([19]13,12,6)([20]11,2,2)([21]17,17,8)([22]16,1,2)([23]17,1,6)([24]3,16,4)([25]1,20,0)([26]21,2,3)([27]4,1,1)([28]24,2,8)([29]3,22,0)([30]2,1,4)([31]2,30,1)([32]4,30,6)([33]30,3,1)([34]2,1,1)([35]28,0,5)(15,14,26,34,21,20)

[  0.  -0.  -0.  61.   0.   2.   1.  27.  52.]
{6,6,6,5,2,1,3}([6]0,2,5)([7]5,0,3)([8]4,0,4)([9]0,3,8)([10]1,5,5)([11]5,2,7)([12]9,7,8)([13]5,5,0)([14]6,1,0)([15]6,1,1)([16]14,11,6)([17]3,15,6)([18]3,11,1)([19]11,0,6)([20]15,3,8)([21]3,2,1)([22]5,19,2)([23]20,18,8)([24]17,19,8)([25]1,2,7)([26]3,5,4)([27]22,24,8)([28]1,0,1)([29]1,2,3)([30]0,3,2)([31]28,2,4)([32]28,30,8)([33]4,2,7)([34]5,2,0)([35]30,1,3)(8,3,29,5,9,0)

[  0.  -0.  -0.  61.   0.   2.   1.  27.  53.]
{6,6,6,5,2,1,3}([6]0,2,5)([7]5,0,3)([8]4,0,4)([9]0,3,8)([10]1,1,5)([11]5,2,7)([12]9,7,0)([13]6,5,0)([14]7,1,4)([15]6,1,1)([16]14,11,6)([17]15,15,6)([18]3,11,5)([19]15,0,6)([20]3,13,8)([21]3,2,1)([22]5,19,2)([23]20,18,3)([24]17,19,8)([25]1,2,1)([26]3,5,4)([27]25,24,8)([28]1,0,1)([29]1,2,3)([30]22,3,2)([31]28,2,4)([32]28,30,6)([33]29,2,7)([34]29,2,4)([35]30,1,3)(8,3,29,5,9,0)

[  0.  -0.  -0.  61.   0.   2.   1.  27.  54.]
{6,6,6,5,2,1,3}([6]0,2,5)([7]5,0,3)([8]4,0,4)([9]0,3,8)([10]1,5,5)([11]5,2,7)([12]9,7,0)([13]5,5,0)([14]6,1,0)([15]6,1,1)([16]14,11,6)([17]3,15,6)([18]3,11,1)([19]11,0,6)([20]15,3,8)([21]3,2,1)([22]5,19,2)([23]20,18,8)([24]17,19,8)([25]1,2,7)([26]3,5,4)([27]22,24,8)([28]1,0,1)([29]1,2,3)([30]0,3,2)([31]28,2,4)([32]28,30,8)([33]29,2,7)([34]5,2,4)([35]30,1,3)(8,3,29,5,9,0)

[ 24.          -0.           0.54056835  50.5          0.           1.           0.
  17.          61.        ]
{6,6,6,5,2,1,13}([6]1,4,1)([7]2,5,0)([8]3,5,6)([9]5,4,4)([10]5,3,5)([11]8,9,7)([12]2,2,2)([13]5,6,6)([14]6,0,1)([15]8,5,8)([16]1,14,4)([17]4,12,2)([18]0,11,2)([19]4,0,5)([20]3,13,6)([21]2,17,0)([22]1,0,7)([23]0,18,0)([24]5,5,6)([25]4,17,7)([26]3,0,0)([27]5,24,4)([28]3,2,7)([29]21,24,2)([30]22,22,1)([31]27,30,4)([32]2,0,6)([33]30,28,6)([34]4,26,8)([35]30,29,3)(24,27,33,20,21,14)

[ 15.          -0.           0.67807192  46.           0.           1.           1.
  18.          84.        ]
{6,6,6,5,2,1,12}([6]1,2,6)([7]0,0,7)([8]4,2,4)([9]1,3,5)([10]3,4,1)([11]9,0,7)([12]7,1,3)([13]10,1,1)([14]7,7,5)([15]6,5,8)([16]1,15,7)([17]13,2,6)([18]14,5,6)([19]5,2,6)([20]14,1,7)([21]17,5,6)([22]5,18,3)([23]19,3,0)([24]17,18,1)([25]2,19,3)([26]22,21,8)([27]2,24,8)([28]22,22,1)([29]4,22,5)([30]3,3,5)([31]4,5,6)([32]29,30,4)([33]2,5,8)([34]30,27,8)([35]4,3,2)(33,16,22,17,30,10)

[  15.   -0.   -0.   46.    0.    1.    2.   14.  100.]
{6,6,6,5,2,1,16}([6]0,0,7)([7]2,0,8)([8]4,5,0)([9]4,5,3)([10]4,3,7)([11]5,10,2)([12]8,4,5)([13]6,10,7)([14]2,4,8)([15]4,7,3)([16]11,11,4)([17]13,12,0)([18]0,12,7)([19]0,0,1)([20]13,13,8)([21]17,5,4)([22]5,1,0)([23]0,20,4)([24]17,3,2)([25]17,3,4)([26]25,4,0)([27]1,23,7)([28]22,24,6)([29]3,4,3)([30]2,24,2)([31]30,27,0)([32]29,30,1)([33]27,0,8)([34]28,28,6)([35]1,1,5)(18,31,14,18,32,13)

[  16.           -0.            0.41503751   51.5           0.            1.
    1.           14.          119.        ]
{6,6,6,5,2,1,16}([6]1,4,7)([7]4,0,2)([8]2,2,6)([9]0,4,7)([10]4,4,7)([11]10,0,0)([12]5,8,0)([13]10,7,7)([14]7,8,3)([15]1,9,1)([16]3,14,3)([17]14,5,4)([18]3,14,4)([19]2,1,5)([20]1,12,7)([21]19,20,2)([22]19,4,4)([23]16,1,1)([24]5,19,0)([25]2,3,0)([26]5,21,5)([27]3,1,3)([28]2,21,4)([29]23,4,4)([30]22,4,5)([31]2,29,8)([32]29,28,1)([33]1,2,5)([34]2,2,3)([35]2,4,3)(15,24,31,12,33,26)


Spea searching with population size: 30 and generation count: 30
genome: PERMUTATION (True, 6, 6)
probability of mutation: 0.900000 probability of crossover: 0.050000
criterions: [BENT_AND_MOSAC, LP_MAX, DP_MAX, SAC, BF, POLYNOMIAL_DEGREE]
[ 139.            2.38529015    2.67807198   63.            0.            2.
    4.            0.            2.        ]
43 16 12 28 32 18 31 14 30 26 48 27 39 40 17 58 56 34 51 46 7 42 41 35 62 11 38 0 15 55 20 36 22 1 5 49 45 53 33 61 47 24 50 21 10 54 29 13 63 6 4 44 60 2 19 59 57 37 23 25 8 3 9 52 
[ 113.            2.            2.67807198   63.            0.            2.
    5.            0.            5.        ]
27 45 5 34 25 47 56 58 59 57 23 55 21 50 29 60 1 48 44 17 31 0 40 6 46 32 63 2 51 14 24 52 49 53 39 54 8 13 38 11 16 26 37 28 10 22 62 19 61 42 36 20 33 41 18 43 15 3 4 9 12 35 30 7 
[ 90.           2.38529015   3.41503739  63.           0.           2.           5.
   0.           7.        ]
13 58 52 34 10 25 18 33 4 17 38 1 22 6 30 60 39 15 3 41 43 0 44 46 2 5 12 48 7 14 61 28 11 42 21 23 59 8 53 24 9 45 20 47 35 49 29 27 50 62 40 57 37 19 55 51 63 32 16 26 56 31 54 36 
[ 111.            2.83007503    3.           63.            0.            2.
    5.            0.            8.        ]
56 16 36 37 63 40 51 31 29 54 32 50 47 62 9 19 55 49 53 26 27 35 24 8 57 45 28 14 59 20 21 5 46 12 48 11 23 42 7 61 43 2 22 25 0 41 6 44 30 3 15 39 4 38 13 10 60 58 18 34 33 17 1 52 
[ 139.            2.38529015    2.67807198   63.            0.            2.
    4.            0.            2.        ]
43 16 12 28 32 18 31 14 30 26 48 27 39 40 17 58 56 34 51 46 7 42 41 35 62 11 38 0 15 55 20 36 22 1 5 49 45 53 33 61 47 24 50 21 10 54 29 13 63 6 4 44 60 2 19 59 57 37 23 25 8 3 9 52 
[ 130.    2.    3.   63.    0.    2.    4.    0.   11.]
34 13 1 33 60 58 17 38 10 15 18 30 52 39 3 25 6 4 44 22 41 48 0 43 42 7 61 11 2 5 46 23 12 21 8 20 59 9 14 45 28 57 50 24 49 53 27 26 32 55 35 62 54 40 56 31 51 37 47 29 63 36 16 19 
[ 114.            2.83007503    3.           63.            0.            2.
    4.            0.           13.        ]
9 31 7 33 45 25 58 20 6 32 15 23 39 22 54 52 34 1 17 42 56 50 21 8 48 60 46 12 11 28 47 16 37 27 61 41 24 19 5 38 14 63 53 26 0 35 57 2 10 55 51 29 3 18 36 40 43 44 4 62 30 59 13 49 
[ 108.            2.38529015    3.41503739   63.            0.            2.
    4.            0.           17.        ]
25 49 43 44 3 30 35 59 40 29 13 53 11 4 2 18 39 41 38 10 57 36 7 20 17 37 47 24 5 55 62 51 22 60 26 16 14 0 21 63 48 1 34 19 27 52 42 61 12 50 46 54 32 31 58 8 15 6 9 56 33 28 23 45 
[ 126.            2.38529015    3.           63.            0.            2.
    4.            0.           20.        ]
7 34 58 62 31 49 28 11 18 63 22 40 39 8 9 14 61 45 27 0 21 59 13 19 60 47 6 38 50 1 25 43 54 56 32 4 23 2 5 41 52 24 33 57 30 17 20 37 26 3 36 16 35 44 55 53 42 48 10 51 15 46 29 12 
[ 114.            2.83007503    3.           63.            0.            2.
    4.            0.           22.        ]
34 63 31 54 48 32 58 20 23 59 6 12 3 26 4 38 46 29 11 5 50 62 28 49 16 27 21 55 22 0 47 9 35 15 24 43 1 42 19 60 14 8 57 17 52 18 45 44 2 37 40 61 56 53 51 13 10 39 41 30 36 25 33 7 
[ 123.            2.83007503    2.67807198   63.            0.            2.
    4.            0.           25.        ]
7 33 36 25 41 30 39 51 13 10 61 53 37 2 56 40 45 44 52 18 19 17 57 8 60 14 42 24 1 35 43 9 47 55 27 22 15 0 28 49 50 21 5 16 62 26 38 11 29 4 12 20 6 58 48 46 59 3 23 54 31 32 63 34 

Vega searching with population size: 30 and generation count: 30
genome: PERMUTATION (True, 6, 6)
probability of mutation: 0.100000 probability of crossover: 0.900000
criterions: [BENT_AND_MOSAC, LP_MAX, DP_MAX, SAC, BF, POLYNOMIAL_DEGREE]
[ 134.            2.            2.67807198   63.            0.            2.
    4.            0.            0.        ]
16 58 19 17 27 36 40 18 51 50 15 39 7 12 23 43 1 10 56 34 20 47 21 29 54 30 26 32 11 62 52 2 46 45 38 57 60 33 25 28 44 4 55 14 37 5 6 22 24 31 59 35 41 48 49 42 3 9 53 63 61 13 0 8 
[ 110.            2.83007503    3.           63.            0.            2.
    4.            0.            7.        ]
2 44 9 13 62 27 8 35 48 11 23 56 17 38 39 57 55 58 45 32 40 46 63 60 4 37 16 28 43 15 33 20 18 0 21 47 49 7 51 3 52 24 53 14 6 61 1 54 42 12 26 10 36 29 5 41 59 19 34 25 50 22 31 30 
[ 134.            2.            2.67807198   63.            0.            2.
    4.            0.            0.        ]
16 58 19 17 27 36 40 18 51 50 15 39 7 12 23 43 1 10 56 34 20 47 21 29 54 30 26 32 11 62 52 2 46 45 38 57 60 33 25 28 44 4 55 14 37 5 6 22 24 31 59 35 41 48 49 42 3 9 53 63 61 13 0 8 
[ 104.            2.38529015    3.41503739   63.            0.            2.
    4.            0.            9.        ]
50 35 21 23 3 38 15 25 26 11 8 62 32 42 47 51 57 28 24 48 58 54 19 56 55 13 60 2 43 0 52 20 46 29 14 59 31 17 9 41 30 22 40 4 49 10 37 27 63 45 5 33 6 39 44 61 18 16 34 53 1 36 7 12 
[ 134.            2.            2.67807198   63.            0.            2.
    4.            0.            0.        ]
16 58 19 17 27 36 40 18 51 50 15 39 7 12 23 43 1 10 56 34 20 47 21 29 54 30 26 32 11 62 52 2 46 45 38 57 60 33 25 28 44 4 55 14 37 5 6 22 24 31 59 35 41 48 49 42 3 9 53 63 61 13 0 8 
[ 123.            2.38529015    3.           63.            0.            2.
    4.            0.           30.        ]
23 22 59 20 50 42 40 29 30 33 10 45 39 54 41 9 3 37 49 38 31 26 36 34 19 4 2 60 56 11 55 24 15 21 6 32 0 48 25 35 62 12 57 53 61 47 8 52 43 51 5 7 14 16 17 58 46 1 27 63 44 18 13 28 
[ 107.            2.38529015    3.           63.            0.            2.
    5.            0.           38.        ]
53 43 17 11 36 40 58 1 45 20 19 29 16 3 52 32 41 9 54 30 28 0 49 12 31 47 35 37 46 44 14 2 26 4 10 62 55 61 22 27 33 48 25 18 50 8 15 56 39 7 63 34 24 38 6 13 57 21 51 42 23 5 59 60 
[ 107.            2.83007503    2.67807198   63.            0.            2.
    5.            0.           66.        ]
47 37 51 45 43 26 21 2 13 55 27 39 0 20 33 23 1 15 5 56 9 19 24 49 52 25 42 17 58 38 11 34 57 4 50 6 35 44 7 10 53 3 12 61 29 14 54 18 41 16 40 30 63 48 28 22 60 32 31 36 46 59 8 62 
[ 112.            1.66015005    3.           63.            0.            2.
    5.            0.           94.        ]
43 12 0 14 45 35 33 34 32 38 11 25 8 59 3 21 10 48 49 47 53 36 7 4 6 1 44 39 13 28 63 37 30 42 2 56 31 51 54 18 40 60 52 19 58 57 62 9 24 16 46 23 26 41 50 22 29 17 15 27 61 20 55 5 
[ 120.            2.83007503    2.67807198   63.            0.            2.
    4.            0.           98.        ]
45 4 8 25 38 62 34 60 63 52 15 11 47 37 23 5 0 27 7 42 50 14 43 21 58 17 46 39 26 6 19 16 35 12 10 54 2 9 53 49 44 30 61 33 31 29 24 13 36 40 41 1 28 51 32 57 3 55 20 48 59 18 22 56 
[  98.            2.83007503    3.           63.            0.            2.
    5.            0.          106.        ]
50 44 15 52 24 16 33 6 27 45 46 48 10 39 54 41 8 32 47 62 31 51 26 19 40 25 29 61 37 38 21 57 1 0 7 35 2 42 53 20 3 28 55 56 9 43 58 49 63 22 60 17 12 34 5 4 30 11 36 14 59 18 23 13 
[ 134.            2.            2.67807198   63.            0.            2.
    4.            0.            0.        ]
16 58 19 17 27 36 40 18 51 50 15 39 7 12 23 43 1 10 56 34 20 47 21 29 54 30 26 32 11 62 52 2 46 45 38 57 60 33 25 28 44 4 55 14 37 5 6 22 24 31 59 35 41 48 49 42 3 9 53 63 61 13 0 8 

Vega searching with population size: 30 and generation count: 30
genome: CGP (8, 8, 8, 7, 28)
probability of mutation: 0.900000 probability of crossover: 0.000000
criterions: [BENT_AND_MOSAC, LP_MAX, DP_MAX, SAC, BF, POLYNOMIAL_DEGREE]
[  72.   -0.   -0.  189.    0.    1.    2.   32.   13.]
{8,8,8,7,2,1,24}([8]7,5,1)([9]6,2,5)([10]0,7,8)([11]3,1,5)([12]1,0,5)([13]4,4,4)([14]1,4,1)([15]7,5,1)([16]10,2,1)([17]8,9,8)([18]11,4,3)([19]12,13,2)([20]6,12,2)([21]14,12,8)([22]5,2,7)([23]20,21,7)([24]18,21,1)([25]4,21,5)([26]4,1,5)([27]5,3,6)([28]15,1,2)([29]1,7,1)([30]2,23,5)([31]4,7,2)([32]24,6,0)([33]23,24,7)([34]26,7,6)([35]0,23,6)([36]29,3,1)([37]30,31,2)([38]31,7,8)([39]1,6,4)([40]29,0,0)([41]2,32,2)([42]29,4,5)([43]36,2,2)([44]0,2,5)([45]7,4,4)([46]3,38,3)([47]7,36,7)([48]41,39,0)([49]38,41,6)([50]5,48,5)([51]1,44,3)([52]5,6,4)([53]43,2,2)([54]44,0,1)([55]5,2,6)([56]1,3,8)([57]51,5,6)([58]51,53,0)([59]52,1,4)([60]52,0,0)([61]52,54,0)([62]5,54,4)([63]1,50,2)(49,34,49,37,22,49,54,63)

[  52.           -0.            0.41503751  238.            0.            1.
    1.           39.           20.        ]
{8,8,8,7,2,1,17}([8]3,7,3)([9]1,3,7)([10]6,5,2)([11]3,4,5)([12]4,4,2)([13]3,4,8)([14]3,6,3)([15]9,7,8)([16]11,13,3)([17]0,10,1)([18]6,11,7)([19]0,2,6)([20]5,3,5)([21]3,3,6)([22]7,3,4)([23]19,7,0)([24]18,18,8)([25]19,16,1)([26]19,5,3)([27]21,6,2)([28]19,4,1)([29]7,28,7)([30]4,24,2)([31]26,7,1)([32]28,0,5)([33]1,25,3)([34]26,27,2)([35]4,25,8)([36]0,3,2)([37]33,34,3)([38]7,1,3)([39]31,6,1)([40]30,6,0)([41]4,31,2)([42]5,30,4)([43]36,6,7)([44]1,39,5)([45]7,6,8)([46]0,5,0)([47]37,36,7)([48]0,41,1)([49]3,1,5)([50]2,1,2)([51]45,7,1)([52]45,48,2)([53]47,0,5)([54]5,5,8)([55]3,47,2)([56]48,4,8)([57]6,50,5)([58]50,50,1)([59]5,3,5)([60]51,3,0)([61]5,0,7)([62]3,6,6)([63]6,51,7)(12,4,45,47,53,19,18,26)

[  18.           -0.            0.29956028  218.            0.            1.
    2.           40.           22.        ]
{8,8,8,7,2,1,16}([8]7,4,2)([9]0,6,6)([10]1,6,5)([11]3,7,0)([12]3,5,3)([13]0,3,6)([14]3,1,1)([15]14,6,5)([16]10,14,7)([17]14,5,3)([18]11,11,4)([19]7,8,8)([20]2,0,4)([21]6,13,2)([22]1,5,2)([23]18,21,5)([24]6,19,1)([25]3,7,4)([26]19,21,2)([27]0,3,4)([28]1,4,2)([29]24,7,1)([30]23,5,0)([31]24,26,3)([32]2,3,2)([33]5,23,2)([34]26,23,0)([35]5,22,1)([36]31,7,4)([37]31,32,0)([38]34,32,7)([39]34,5,7)([40]35,7,1)([41]6,35,4)([42]7,1,4)([43]41,6,5)([44]0,1,0)([45]2,0,2)([46]6,7,7)([47]41,37,2)([48]2,36,4)([49]42,4,8)([50]6,49,4)([51]44,7,3)([52]43,46,0)([53]7,47,1)([54]1,5,3)([55]5,49,8)([56]44,1,2)([57]2,7,6)([58]50,6,1)([59]52,5,5)([60]2,3,6)([61]5,52,8)([62]7,55,6)([63]5,1,1)(40,9,34,33,14,32,40,23)

[  84.    -0.    -0.   240.5    0.     1.     1.    22.    43. ]
{8,8,8,7,2,1,34}([8]6,7,4)([9]5,6,6)([10]6,1,4)([11]0,3,4)([12]0,0,1)([13]0,5,0)([14]3,2,6)([15]7,5,3)([16]12,12,5)([17]13,12,3)([18]1,5,2)([19]13,8,2)([20]6,3,4)([21]6,8,1)([22]18,20,5)([23]5,15,8)([24]4,16,6)([25]17,2,7)([26]2,1,0)([27]20,21,8)([28]7,19,2)([29]6,25,2)([30]4,25,2)([31]28,24,8)([32]7,23,5)([33]22,26,7)([34]1,2,6)([35]2,26,2)([36]5,7,5)([37]29,3,7)([38]4,3,2)([39]34,31,8)([40]33,30,4)([41]34,30,4)([42]3,35,6)([43]38,40,1)([44]38,5,0)([45]38,36,2)([46]39,37,6)([47]37,42,2)([48]41,38,1)([49]37,36,7)([50]1,48,4)([51]43,46,3)([52]45,48,7)([53]5,45,8)([54]0,0,6)([55]0,5,4)([56]44,45,5)([57]54,3,2)([58]55,5,2)([59]1,51,8)([60]0,55,3)([61]3,50,2)([62]5,56,1)([63]51,50,1)(57,11,40,48,59,63,5,14)

[  24.           -0.            0.75207251  228.5           0.            1.
    1.           30.           65.        ]
{8,8,8,7,2,1,26}([8]7,3,1)([9]2,6,8)([10]2,0,7)([11]0,2,8)([12]1,1,8)([13]6,4,8)([14]0,6,3)([15]6,6,4)([16]8,8,0)([17]0,4,4)([18]6,3,1)([19]4,6,6)([20]4,12,2)([21]3,12,0)([22]15,0,1)([23]2,5,5)([24]17,19,1)([25]3,4,7)([26]3,16,3)([27]6,0,5)([28]4,7,4)([29]28,5,3)([30]23,7,1)([31]7,2,7)([32]26,7,3)([33]3,22,8)([34]6,4,8)([35]25,26,5)([36]6,1,4)([37]1,35,5)([38]35,2,6)([39]31,35,5)([40]1,7,6)([41]34,6,6)([42]29,33,3)([43]4,7,7)([44]7,41,1)([45]42,42,5)([46]40,38,8)([47]6,4,3)([48]39,5,3)([49]0,3,5)([50]49,44,8)([51]48,44,5)([52]48,5,2)([53]0,44,2)([54]6,49,7)([55]5,7,7)([56]6,0,8)([57]7,6,1)([58]2,54,6)([59]55,4,3)([60]53,55,6)([61]50,3,2)([62]50,0,5)([63]51,1,6)(45,42,52,33,60,20,9,23)

[   0.   -0.    1.  226.    0.    1.    1.   39.   77.]
{8,8,8,7,2,1,17}([8]7,6,4)([9]3,0,2)([10]7,2,6)([11]0,7,3)([12]3,2,1)([13]4,7,1)([14]0,2,0)([15]12,14,3)([16]5,6,0)([17]13,2,4)([18]9,5,5)([19]1,5,4)([20]1,7,2)([21]2,5,7)([22]15,20,0)([23]18,1,5)([24]19,1,0)([25]16,17,4)([26]4,21,7)([27]6,7,3)([28]2,7,8)([29]6,3,8)([30]1,24,5)([31]5,24,6)([32]2,4,5)([33]27,28,0)([34]7,2,4)([35]7,6,6)([36]29,30,3)([37]34,5,2)([38]35,3,7)([39]3,35,5)([40]35,4,4)([41]29,0,5)([42]0,31,2)([43]4,1,6)([44]3,5,3)([45]37,0,8)([46]4,3,1)([47]3,38,7)([48]5,6,5)([49]40,6,8)([50]6,43,0)([51]44,46,2)([52]2,43,1)([53]1,44,5)([54]6,0,4)([55]5,3,4)([56]6,44,3)([57]1,7,4)([58]54,50,5)([59]0,5,3)([60]1,4,5)([61]1,4,2)([62]4,5,2)([63]5,52,7)(37,9,25,22,21,43,38,40)

[  7.20000000e+01  -0.00000000e+00   9.31094065e-02   2.20250000e+02
   0.00000000e+00   1.00000000e+00   1.00000000e+00   3.80000000e+01
   9.00000000e+01]
{8,8,8,7,2,1,18}([8]0,5,4)([9]0,3,3)([10]7,4,8)([11]4,7,0)([12]0,3,3)([13]0,1,7)([14]4,4,4)([15]9,11,4)([16]11,3,1)([17]5,1,2)([18]12,3,7)([19]10,12,3)([20]13,7,3)([21]6,5,1)([22]4,4,4)([23]7,2,8)([24]5,3,7)([25]6,16,2)([26]19,21,7)([27]17,4,6)([28]3,6,2)([29]28,24,1)([30]1,27,7)([31]4,25,4)([32]6,0,6)([33]5,7,0)([34]28,0,1)([35]26,2,7)([36]6,32,1)([37]3,0,6)([38]4,35,8)([39]31,5,6)([40]1,33,3)([41]1,35,7)([42]2,7,1)([43]6,0,7)([44]38,6,0)([45]38,2,3)([46]37,41,7)([47]39,2,6)([48]41,0,4)([49]38,2,0)([50]3,1,4)([51]1,47,3)([52]7,0,4)([53]6,49,6)([54]46,4,2)([55]3,45,8)([56]46,4,6)([57]51,55,0)([58]56,6,4)([59]7,55,8)([60]51,6,2)([61]7,4,8)([62]4,5,1)([63]4,4,4)(25,41,30,38,30,35,14,29)

[  6.20000000e+01  -0.00000000e+00   1.92645073e-01   2.23437500e+02
   0.00000000e+00   1.00000000e+00   1.00000000e+00   3.60000000e+01
   9.10000000e+01]
{8,8,8,7,2,1,20}([8]7,5,3)([9]4,3,3)([10]0,1,6)([11]1,2,3)([12]3,2,7)([13]6,6,2)([14]6,6,6)([15]3,7,7)([16]12,7,3)([17]6,0,8)([18]7,4,7)([19]5,6,7)([20]12,10,7)([21]2,5,5)([22]15,17,3)([23]5,20,3)([24]5,3,3)([25]3,6,4)([26]18,0,2)([27]17,5,7)([28]0,21,7)([29]27,5,8)([30]0,4,2)([31]26,27,1)([32]27,25,2)([33]2,26,8)([34]6,27,1)([35]0,28,5)([36]5,30,5)([37]30,30,1)([38]34,3,2)([39]4,33,3)([40]33,1,4)([41]0,1,3)([42]0,31,7)([43]3,4,4)([44]6,3,2)([45]36,40,2)([46]42,4,8)([47]42,1,0)([48]5,4,3)([49]40,0,7)([50]4,48,7)([51]2,45,1)([52]5,44,5)([53]45,1,8)([54]46,5,8)([55]3,46,8)([56]44,45,1)([57]4,53,1)([58]53,4,4)([59]1,4,8)([60]51,6,5)([61]4,7,0)([62]3,7,3)([63]55,2,0)(53,53,20,54,48,6,26,32)

[   0.   -0.    1.  238.    0.    1.    1.   39.  101.]
{8,8,8,7,2,1,17}([8]2,7,3)([9]2,4,7)([10]6,0,0)([11]6,6,4)([12]1,2,2)([13]7,7,1)([14]7,2,0)([15]3,14,3)([16]2,2,7)([17]11,9,6)([18]3,12,5)([19]7,11,6)([20]13,6,1)([21]5,12,8)([22]15,4,4)([23]17,3,1)([24]4,18,7)([25]17,15,3)([26]0,16,8)([27]19,1,5)([28]4,19,0)([29]26,7,6)([30]6,0,3)([31]23,26,3)([32]2,1,3)([33]4,22,5)([34]4,22,3)([35]26,5,2)([36]29,32,1)([37]6,35,1)([38]6,5,3)([39]33,4,6)([40]2,31,0)([41]4,31,2)([42]7,6,1)([43]40,5,4)([44]41,42,4)([45]38,38,7)([46]1,4,5)([47]41,5,4)([48]40,3,0)([49]39,41,4)([50]47,49,6)([51]43,46,7)([52]0,49,7)([53]47,5,1)([54]5,7,2)([55]7,6,1)([56]1,5,6)([57]53,53,1)([58]6,56,7)([59]50,5,7)([60]7,5,0)([61]54,51,1)([62]54,54,6)([63]6,53,8)(15,56,49,5,20,26,6,14)

[   0.            0.83007503    0.67807192  224.375         0.            1.
    2.           34.          106.        ]
{8,8,8,7,2,1,22}([8]7,5,3)([9]0,3,3)([10]0,1,6)([11]3,2,3)([12]0,2,4)([13]5,6,4)([14]6,3,7)([15]7,7,7)([16]6,3,3)([17]8,0,0)([18]0,12,2)([19]11,8,7)([20]12,4,7)([21]4,5,5)([22]1,17,3)([23]3,6,0)([24]5,3,4)([25]3,18,3)([26]6,18,1)([27]3,7,8)([28]1,21,5)([29]2,5,6)([30]0,4,2)([31]5,27,8)([32]23,2,2)([33]2,26,8)([34]6,27,8)([35]26,28,1)([36]2,30,7)([37]4,6,6)([38]1,35,8)([39]1,6,6)([40]31,31,4)([41]0,30,2)([42]4,32,0)([43]3,4,4)([44]6,3,2)([45]38,38,2)([46]42,4,8)([47]42,0,5)([48]39,38,0)([49]0,40,7)([50]49,46,7)([51]2,2,8)([52]5,0,0)([53]47,6,1)([54]46,0,5)([55]3,0,0)([56]4,45,8)([57]56,6,1)([58]53,55,1)([59]1,52,3)([60]51,6,3)([61]4,7,0)([62]53,7,0)([63]55,50,5)(53,29,31,57,48,44,27,34)

[   0.   -0.    1.  216.    0.    1.    1.   35.  115.]
{8,8,8,7,2,1,21}([8]5,7,4)([9]4,0,4)([10]6,6,7)([11]3,6,3)([12]2,2,0)([13]4,7,5)([14]4,3,0)([15]3,0,1)([16]8,9,4)([17]8,4,6)([18]8,3,5)([19]7,8,7)([20]13,13,8)([21]5,5,4)([22]20,5,3)([23]20,1,8)([24]0,18,7)([25]5,15,7)([26]19,2,3)([27]15,1,0)([28]4,5,5)([29]4,7,4)([30]6,23,5)([31]6,24,3)([32]25,6,0)([33]5,24,7)([34]4,6,5)([35]22,27,3)([36]32,7,1)([37]31,0,1)([38]6,6,4)([39]3,3,0)([40]3,31,3)([41]1,3,2)([42]6,30,1)([43]5,5,6)([44]7,41,4)([45]41,3,8)([46]40,5,3)([47]41,5,4)([48]6,42,4)([49]37,37,7)([50]44,47,6)([51]47,49,7)([52]2,1,5)([53]4,44,3)([54]47,4,5)([55]2,1,1)([56]48,2,7)([57]55,6,1)([58]6,3,6)([59]3,0,7)([60]53,5,0)([61]52,53,8)([62]54,7,6)([63]6,2,5)(24,56,49,55,62,26,12,62)

[   0.       -0.        1.      217.5625    0.        1.        1.       38.
  116.    ]
{8,8,8,7,2,1,18}([8]3,7,4)([9]0,3,6)([10]7,0,8)([11]4,7,0)([12]0,6,3)([13]0,1,7)([14]4,4,4)([15]9,9,2)([16]10,3,2)([17]5,1,2)([18]12,3,7)([19]10,12,3)([20]13,7,3)([21]6,5,1)([22]0,6,4)([23]7,2,2)([24]18,6,5)([25]6,16,0)([26]19,21,7)([27]21,4,1)([28]3,6,2)([29]28,24,1)([30]1,27,1)([31]4,23,4)([32]6,0,6)([33]6,7,0)([34]28,0,1)([35]26,2,7)([36]6,32,1)([37]3,0,3)([38]4,35,7)([39]31,5,2)([40]1,33,3)([41]1,35,7)([42]2,32,4)([43]2,0,7)([44]38,6,0)([45]38,2,3)([46]37,2,7)([47]39,38,6)([48]41,0,4)([49]38,0,0)([50]44,1,4)([51]46,47,2)([52]7,44,4)([53]6,49,6)([54]46,4,2)([55]3,45,4)([56]46,0,6)([57]51,51,6)([58]56,5,4)([59]6,2,8)([60]7,6,2)([61]4,56,8)([62]4,5,1)([63]4,4,4)(25,41,30,38,19,62,14,29)


Spea searching with population size: 30 and generation count: 30
genome: PERMUTATION (True, 8, 8)
probability of mutation: 0.900000 probability of crossover: 0.050000
criterions: [BENT_AND_MOSAC, LP_MAX, DP_MAX, SAC, BF, POLYNOMIAL_DEGREE]
[ 278.            4.            4.41503763  255.            0.            2.
    7.            0.            0.        ]
123 100 46 133 61 240 200 37 188 0 66 216 159 109 86 171 193 253 45 164 49 106 81 84 29 82 220 70 91 59 125 151 225 10 25 246 205 191 57 99 245 147 58 195 36 96 136 233 69 217 103 202 241 118 114 247 175 157 255 198 254 80 184 237 129 176 212 51 150 196 64 72 24 39 213 28 158 90 93 79 43 148 7 31 22 2 33 207 227 163 215 172 210 199 197 55 169 194 181 174 201 160 214 105 52 250 138 87 15 124 74 62 65 128 223 20 40 135 8 107 166 48 238 224 60 143 144 56 12 242 115 167 67 85 27 130 121 236 127 116 149 208 102 32 47 244 189 75 108 95 185 30 243 120 11 155 16 146 78 229 9 211 89 252 206 63 88 111 94 221 18 4 126 41 50 141 83 134 203 222 35 180 190 153 97 218 161 68 226 187 248 231 71 182 119 3 234 104 178 228 162 251 142 1 183 145 19 113 122 117 170 156 186 77 38 5 6 177 98 21 249 132 23 235 73 14 154 139 26 112 165 230 92 219 101 76 239 192 173 179 209 44 42 17 54 13 140 168 131 110 137 53 34 152 204 232 
[ 309.            4.            4.67807198  255.            0.            2.
    6.            0.            2.        ]
154 110 170 179 17 165 53 232 152 54 73 34 23 131 112 204 140 101 137 192 209 44 92 156 177 173 249 113 13 168 230 26 3 5 42 98 76 226 239 219 235 161 141 19 41 104 117 77 132 183 6 231 153 21 1 243 38 142 155 14 182 71 35 218 162 97 68 222 83 203 178 134 186 211 78 234 228 139 63 122 248 127 9 145 251 18 244 119 126 180 111 149 221 11 102 206 4 236 143 75 94 50 105 190 229 252 88 130 30 187 242 185 48 32 85 27 89 16 146 20 121 189 108 223 167 62 12 224 238 120 208 95 144 8 47 214 138 250 181 174 124 194 128 60 52 201 107 65 210 215 176 72 15 67 116 40 148 55 56 33 79 87 90 172 207 93 2 169 160 196 237 74 150 166 163 255 191 115 247 135 39 51 31 158 246 197 147 213 28 43 22 199 202 7 227 64 225 195 96 84 188 184 58 129 212 198 245 114 91 241 57 80 118 103 82 171 69 24 200 157 109 175 136 45 217 151 37 29 159 233 70 81 123 205 125 193 86 99 220 254 10 59 25 133 240 49 0 106 61 253 164 100 66 216 46 36 
[ 273.            4.            4.67807198  255.            0.            2.
    7.            0.            3.        ]
133 216 46 61 253 100 240 106 200 70 123 45 86 171 109 164 118 81 220 29 225 0 193 58 10 57 36 125 37 245 254 84 233 212 136 66 205 157 99 59 114 7 184 159 151 80 202 91 25 172 24 175 43 69 227 82 158 129 241 49 255 188 96 72 22 215 103 246 74 213 64 197 217 237 15 147 166 28 39 31 191 199 201 160 33 51 90 174 150 195 198 93 163 87 169 2 210 207 196 148 62 60 120 138 176 40 79 242 124 128 247 88 115 55 214 16 8 224 238 67 56 108 65 144 47 194 223 167 135 116 52 208 102 105 189 20 12 63 48 187 221 146 4 250 181 185 180 211 107 30 32 27 236 75 244 95 182 11 234 85 76 35 130 229 252 89 248 206 121 1 77 190 143 71 119 111 145 9 186 203 228 149 94 126 42 78 18 155 134 178 127 218 243 142 140 50 117 251 139 68 97 21 41 83 141 219 226 249 19 13 222 44 38 122 101 239 153 162 132 113 98 183 104 14 54 3 23 235 6 26 161 209 5 92 137 131 173 230 232 168 170 231 154 156 73 53 177 192 152 204 110 112 34 17 179 165 
[ 250.            4.18621874    4.67807198  255.            0.            2.
    7.            0.            5.        ]
0 66 46 159 61 240 133 86 188 171 37 123 81 100 151 216 200 193 109 253 45 84 59 10 82 49 220 106 164 57 70 29 245 191 205 91 225 25 125 58 246 195 36 233 247 147 69 217 99 118 114 241 157 96 103 198 212 175 255 202 150 51 80 254 184 28 90 196 237 129 136 213 31 39 72 64 176 215 2 79 33 158 7 148 227 24 172 197 93 22 43 194 169 181 210 199 55 62 160 250 207 105 201 65 214 163 135 74 52 174 124 15 60 8 87 20 238 224 67 166 40 121 223 144 138 116 143 107 48 56 12 115 85 128 27 127 244 242 167 189 16 130 75 236 149 95 32 229 30 102 120 208 47 185 146 211 252 108 203 155 243 78 9 11 89 111 94 141 126 88 134 190 63 50 222 4 206 226 83 180 97 221 153 104 41 18 71 161 228 182 35 248 3 218 231 145 156 183 19 170 187 162 178 1 251 122 117 68 142 186 6 77 5 235 234 119 21 98 139 38 113 132 249 154 165 17 140 177 209 14 173 73 230 219 23 26 76 168 92 131 232 112 44 53 239 101 42 192 152 137 110 13 179 204 54 34 
[ 293.            3.66015005    4.41503763  255.            0.            2.
    7.            0.            6.        ]
253 99 66 125 37 36 216 164 159 70 220 123 0 10 100 86 81 254 57 151 114 59 217 205 133 25 118 29 24 91 199 103 136 198 7 157 46 106 45 64 233 193 175 49 61 69 195 245 184 212 2 241 200 43 240 31 213 39 237 22 202 80 247 84 28 147 171 135 188 169 163 201 79 225 227 109 246 74 115 90 197 255 82 210 93 58 96 33 158 40 181 150 51 52 160 129 176 172 87 120 166 252 196 67 224 62 191 65 12 47 56 207 60 32 102 128 148 119 15 238 116 107 85 250 214 55 189 124 167 149 20 95 88 194 146 242 223 48 8 190 187 111 208 108 215 174 72 130 143 206 126 94 144 30 89 139 27 221 251 122 121 185 243 75 211 138 105 50 203 218 4 234 236 68 71 178 18 248 145 16 9 97 229 19 180 228 153 35 162 11 1 141 182 104 134 183 231 127 83 209 41 230 101 244 77 78 142 222 137 173 117 186 110 63 13 92 132 26 38 112 14 156 170 76 249 98 131 235 21 17 113 5 232 179 155 3 42 73 53 239 34 219 44 23 161 204 6 140 168 192 165 177 154 152 54 226 
[ 289.            3.82507443    4.67807198  255.            0.            2.
    7.            0.           15.        ]
214 35 225 121 55 74 111 90 9 241 83 125 88 252 185 106 247 189 119 209 226 29 77 237 175 39 155 79 44 156 47 194 45 174 3 49 213 216 248 177 195 205 21 234 80 38 41 235 18 144 176 51 25 70 137 191 184 169 68 117 240 199 153 150 72 221 158 48 4 246 103 112 170 219 85 196 107 110 131 22 11 115 210 133 127 163 181 50 102 149 165 180 43 109 64 24 101 143 215 167 33 61 244 139 63 93 146 135 66 179 86 87 96 202 238 5 60 162 227 34 173 129 118 207 99 7 105 13 211 134 160 59 152 186 94 243 231 182 98 203 0 20 232 81 239 168 10 151 201 236 120 126 69 197 190 251 141 104 136 159 23 71 19 97 8 16 233 166 67 164 91 183 116 108 76 15 123 82 229 26 249 250 53 230 217 36 223 220 200 54 145 242 253 31 124 157 192 46 142 12 56 27 128 255 6 222 208 178 212 17 73 42 122 75 57 58 245 198 154 188 100 228 95 172 204 206 132 193 218 161 254 78 40 171 84 113 30 32 37 148 89 147 2 92 187 14 62 28 130 140 114 1 52 138 65 224 
[ 253.            4.18621874    4.41503763  255.            0.            2.
    7.            0.           19.        ]
121 9 35 111 252 241 214 88 125 225 90 247 189 55 83 74 119 44 194 106 155 47 185 237 226 29 177 213 77 49 3 209 156 79 195 45 80 39 216 248 205 144 174 21 51 41 175 38 234 191 70 184 199 137 176 117 235 68 153 18 169 158 221 150 25 72 4 103 170 112 246 240 11 22 196 110 219 107 43 109 102 127 163 48 210 131 180 133 149 143 115 181 64 50 165 215 101 63 24 135 139 244 33 66 61 227 87 238 146 85 167 96 86 211 179 93 118 162 134 5 60 99 173 202 129 186 34 160 207 203 98 7 13 59 105 168 20 81 0 152 243 182 94 239 231 151 10 251 69 197 232 19 190 67 120 141 126 16 236 183 201 104 76 166 159 71 23 97 91 136 82 26 108 164 36 116 230 220 53 8 123 217 249 233 229 157 145 253 15 223 242 124 142 27 6 250 31 12 54 208 42 128 192 200 122 255 56 46 172 17 154 188 212 222 73 178 75 204 198 228 161 245 57 206 254 218 95 132 37 30 78 193 171 58 187 147 84 92 2 52 40 113 138 14 148 1 130 140 224 89 65 32 100 28 62 114 
[ 278.            4.            4.41503763  255.            0.            2.
    7.            0.           24.        ]
218 46 140 106 164 124 84 75 170 79 109 173 19 4 132 163 216 48 20 183 53 223 23 32 190 111 254 155 14 181 65 211 47 212 235 168 230 108 102 222 141 176 166 112 57 238 178 43 69 149 110 33 252 100 0 159 6 220 209 18 25 174 89 104 208 58 39 116 123 62 217 189 41 30 244 145 195 82 172 45 151 138 206 134 17 122 95 249 237 239 128 169 81 40 205 85 198 191 36 105 98 251 2 204 246 214 194 157 24 91 120 54 255 21 127 148 248 113 225 121 236 136 7 213 210 233 78 22 10 152 129 56 70 177 171 61 219 34 187 107 68 51 186 224 201 160 114 63 42 253 184 203 86 72 59 9 90 150 142 241 15 196 29 50 11 87 158 243 77 153 60 232 135 83 96 119 185 55 202 130 161 125 71 200 226 44 101 3 37 49 27 240 188 207 180 131 93 242 234 167 182 99 73 147 16 179 144 35 199 133 118 175 28 66 74 8 231 80 67 5 13 52 193 192 247 1 26 126 97 117 162 137 38 156 245 94 64 92 143 154 88 215 229 197 250 76 221 146 31 227 103 12 165 139 228 115 

Vega searching with population size: 30 and generation count: 30
genome: PERMUTATION (True, 8, 8)
probability of mutation: 0.100000 probability of crossover: 0.900000
criterions: [BENT_AND_MOSAC, LP_MAX, DP_MAX, SAC, BF, POLYNOMIAL_DEGREE]
[ 272.            4.            4.19264507  255.            0.            2.
    7.            0.            0.        ]
225 126 246 16 6 173 87 38 249 48 12 109 240 129 15 22 182 41 179 111 50 42 96 175 157 228 198 216 153 28 112 170 66 238 231 152 224 160 235 54 90 143 181 155 107 55 61 204 59 119 205 206 193 57 236 221 14 199 166 123 118 86 35 51 100 230 40 180 163 208 53 226 210 58 69 88 75 176 233 132 92 195 49 215 20 185 0 167 186 162 239 247 3 34 27 105 89 234 165 68 101 65 83 67 161 39 237 106 150 43 10 26 17 125 23 47 103 95 145 156 120 245 190 154 115 213 71 178 214 82 24 241 194 201 116 44 164 84 114 187 144 252 135 46 184 244 138 209 19 79 80 159 52 220 74 97 9 81 134 188 2 36 211 70 33 31 93 136 4 243 137 64 8 232 192 37 174 227 250 223 122 108 168 77 222 30 117 202 149 177 219 76 146 217 78 124 32 85 207 191 102 7 45 171 253 21 104 183 60 158 131 172 151 121 142 196 5 73 133 242 98 255 11 110 99 94 212 218 128 229 113 139 13 203 140 56 148 63 147 72 91 25 29 127 18 200 169 141 130 197 189 62 1 248 254 251 
[ 280.            3.82507443    4.41503763  255.            0.            2.
    7.            0.            1.        ]
79 95 93 66 129 5 115 202 237 210 92 21 46 170 186 228 182 180 63 166 61 34 209 188 251 47 242 40 121 49 16 26 50 215 174 69 225 38 94 201 131 151 162 71 140 39 78 4 6 213 141 197 248 117 84 232 235 189 146 149 230 223 221 205 179 54 171 74 245 67 163 161 82 87 96 85 42 7 81 172 31 27 101 217 253 86 14 28 139 152 224 196 2 254 144 243 51 91 156 137 167 3 88 250 233 56 252 173 133 76 211 43 45 241 158 200 226 119 218 191 24 72 75 122 181 98 80 68 20 136 154 229 227 184 37 159 169 135 155 83 231 234 102 32 194 111 192 52 187 255 238 17 97 41 113 105 19 203 198 132 112 125 89 11 185 247 176 246 190 10 120 108 126 60 127 22 55 148 219 48 240 157 206 212 249 160 1 30 216 44 150 53 124 147 236 103 222 65 110 13 12 33 109 9 214 104 207 70 195 143 175 123 107 100 90 193 208 199 25 58 0 77 106 178 142 128 57 29 177 164 73 138 165 62 130 15 18 244 116 183 153 8 36 59 220 145 204 23 134 118 168 239 99 35 114 64 
[ 277.            3.82507443    4.67807198  255.            0.            2.
    7.            0.            8.        ]
73 132 195 91 98 30 120 254 60 51 105 97 144 215 103 2 221 205 55 89 189 8 102 21 154 213 52 115 232 111 226 49 139 25 174 235 204 28 208 250 136 82 118 212 4 223 110 192 44 167 222 219 13 20 156 228 234 57 239 225 164 247 202 12 90 116 243 178 193 249 80 145 130 75 240 74 179 67 126 155 227 64 10 40 233 242 29 197 63 209 86 37 253 100 11 101 238 160 41 188 157 137 171 65 56 200 42 39 121 206 92 61 236 217 181 71 159 53 186 127 23 32 216 124 34 125 99 244 72 152 18 231 109 185 62 94 58 173 251 168 85 246 147 77 113 104 162 6 83 151 198 93 43 68 169 112 1 36 133 255 128 66 45 241 54 59 149 211 35 114 214 76 224 107 81 220 87 119 88 183 172 26 161 182 24 177 0 203 248 191 122 170 48 84 15 129 166 138 38 16 17 9 19 252 50 150 33 14 201 143 3 199 123 69 141 117 230 95 142 131 190 78 106 146 175 218 140 108 163 27 184 47 148 31 229 7 79 153 194 96 196 158 187 210 176 134 207 135 70 180 237 5 165 245 22 46 
[ 265.            4.            4.67807198  255.            0.            2.
    7.            0.           22.        ]
200 14 42 94 227 58 65 223 50 84 112 135 196 238 29 91 99 132 34 57 214 24 119 156 173 53 218 148 138 76 35 189 19 186 9 253 158 51 67 242 137 205 230 185 228 38 215 27 136 139 102 244 63 71 81 175 68 197 187 179 201 170 199 8 232 16 85 194 48 220 114 59 4 193 28 240 117 124 172 222 184 86 115 248 162 181 208 160 43 118 183 142 224 141 177 131 30 49 72 254 235 167 226 145 62 211 146 80 166 245 182 120 18 191 125 98 192 149 202 11 66 79 83 116 60 154 210 12 77 70 168 203 147 39 107 54 47 95 163 178 255 221 126 169 225 13 207 150 21 122 239 89 164 7 217 251 219 143 113 241 213 69 52 247 88 243 128 0 6 174 100 10 74 23 234 250 101 96 82 233 121 41 3 25 55 110 5 144 209 46 105 33 161 252 133 129 188 176 97 206 159 20 108 75 87 78 153 130 2 44 123 36 31 134 229 37 231 61 157 103 1 106 109 237 204 171 45 198 127 56 152 212 140 195 17 92 40 90 190 104 155 165 93 64 111 73 26 151 15 216 180 246 22 249 236 32 
[ 281.            3.82507443    4.67807198  255.            0.            2.
    6.            0.           32.        ]
254 15 250 154 109 82 91 182 26 33 4 31 159 94 153 28 45 148 41 177 228 113 209 86 25 42 51 100 157 192 142 129 189 78 3 55 5 202 126 212 130 136 137 194 201 164 155 114 84 71 161 224 173 10 49 112 143 2 85 110 205 46 163 65 34 70 83 118 106 23 76 116 63 98 138 29 181 108 117 101 43 131 77 127 103 235 22 171 89 213 162 156 13 18 186 175 178 238 62 187 208 7 69 6 102 140 166 204 249 165 120 144 81 88 135 20 87 230 169 191 57 128 80 56 60 30 32 95 149 211 11 247 14 219 198 222 170 199 67 99 122 16 158 53 40 133 233 151 96 193 61 168 37 255 58 52 217 218 97 216 206 225 220 134 229 246 232 196 223 160 252 145 188 197 248 72 221 123 39 180 121 179 183 90 125 115 237 234 104 147 236 54 38 75 243 190 64 150 119 195 1 242 74 146 152 107 92 240 176 47 215 251 105 185 59 8 167 200 203 93 0 210 245 50 239 44 17 35 226 174 207 244 253 21 241 184 48 36 132 24 231 12 124 66 141 9 111 68 27 227 172 139 214 19 73 79 
[ 272.            4.            4.19264507  255.            0.            2.
    7.            0.            0.        ]
225 126 246 16 6 173 87 38 249 48 12 109 240 129 15 22 182 41 179 111 50 42 96 175 157 228 198 216 153 28 112 170 66 238 231 152 224 160 235 54 90 143 181 155 107 55 61 204 59 119 205 206 193 57 236 221 14 199 166 123 118 86 35 51 100 230 40 180 163 208 53 226 210 58 69 88 75 176 233 132 92 195 49 215 20 185 0 167 186 162 239 247 3 34 27 105 89 234 165 68 101 65 83 67 161 39 237 106 150 43 10 26 17 125 23 47 103 95 145 156 120 245 190 154 115 213 71 178 214 82 24 241 194 201 116 44 164 84 114 187 144 252 135 46 184 244 138 209 19 79 80 159 52 220 74 97 9 81 134 188 2 36 211 70 33 31 93 136 4 243 137 64 8 232 192 37 174 227 250 223 122 108 168 77 222 30 117 202 149 177 219 76 146 217 78 124 32 85 207 191 102 7 45 171 253 21 104 183 60 158 131 172 151 121 142 196 5 73 133 242 98 255 11 110 99 94 212 218 128 229 113 139 13 203 140 56 148 63 147 72 91 25 29 127 18 200 169 141 130 197 189 62 1 248 254 251 
[ 292.            3.50414491    4.67807198  255.            0.            2.
    7.            0.           60.        ]
252 41 18 254 179 94 95 113 251 68 137 225 19 50 4 30 81 203 208 199 24 34 220 209 85 198 20 111 46 228 14 123 244 69 71 7 44 105 53 110 79 147 118 77 76 59 169 115 138 148 168 241 16 60 250 61 2 253 226 204 184 88 114 62 89 23 5 9 12 185 75 213 145 17 238 215 237 90 129 218 212 21 31 239 27 64 151 164 180 235 224 196 173 194 174 45 25 178 32 222 246 141 140 211 91 157 171 190 131 197 102 214 29 255 165 57 13 134 189 15 112 54 186 116 119 240 101 217 166 143 51 127 150 219 170 39 163 84 38 149 97 42 47 156 108 107 243 40 227 139 205 121 232 187 67 153 52 87 73 182 144 80 10 82 159 63 56 242 192 202 234 155 245 11 233 154 175 176 142 167 72 92 172 207 201 33 78 136 231 249 48 58 98 183 22 158 160 37 161 93 100 124 177 106 66 26 191 221 133 1 6 120 128 206 28 86 126 117 3 236 103 229 70 36 49 104 125 200 55 43 223 122 0 8 109 162 152 188 74 210 248 65 96 181 195 216 247 132 130 83 193 230 99 35 146 135 
[ 272.            4.            4.19264507  255.            0.            2.
    7.            0.            0.        ]
225 126 246 16 6 173 87 38 249 48 12 109 240 129 15 22 182 41 179 111 50 42 96 175 157 228 198 216 153 28 112 170 66 238 231 152 224 160 235 54 90 143 181 155 107 55 61 204 59 119 205 206 193 57 236 221 14 199 166 123 118 86 35 51 100 230 40 180 163 208 53 226 210 58 69 88 75 176 233 132 92 195 49 215 20 185 0 167 186 162 239 247 3 34 27 105 89 234 165 68 101 65 83 67 161 39 237 106 150 43 10 26 17 125 23 47 103 95 145 156 120 245 190 154 115 213 71 178 214 82 24 241 194 201 116 44 164 84 114 187 144 252 135 46 184 244 138 209 19 79 80 159 52 220 74 97 9 81 134 188 2 36 211 70 33 31 93 136 4 243 137 64 8 232 192 37 174 227 250 223 122 108 168 77 222 30 117 202 149 177 219 76 146 217 78 124 32 85 207 191 102 7 45 171 253 21 104 183 60 158 131 172 151 121 142 196 5 73 133 242 98 255 11 110 99 94 212 218 128 229 113 139 13 203 140 56 148 63 147 72 91 25 29 127 18 200 169 141 130 197 189 62 1 248 254 251 
[ 268.            4.            4.41503763  255.            0.            2.
    7.            0.           82.        ]
112 205 9 28 138 4 97 223 128 224 60 32 193 154 31 39 81 178 86 166 168 136 232 211 183 253 226 114 21 174 68 123 0 153 144 249 184 19 130 198 37 43 108 99 228 149 53 199 244 59 206 238 181 88 189 2 109 209 126 241 135 103 22 80 207 3 131 17 76 55 38 35 34 202 45 89 245 167 204 110 208 164 147 111 192 162 36 93 33 151 64 42 26 18 66 77 72 11 71 201 91 229 65 248 127 79 255 56 197 177 152 246 140 160 119 13 161 227 69 117 63 219 170 94 113 27 179 139 243 29 237 182 70 57 83 82 225 40 41 180 215 188 233 212 176 190 50 125 203 240 6 62 150 100 102 84 194 78 222 235 90 16 48 132 23 75 146 73 191 121 101 25 115 169 187 107 120 172 124 58 74 247 186 87 231 242 220 175 185 46 216 49 14 218 95 145 196 24 44 200 214 155 10 92 141 15 104 213 236 85 61 171 239 118 254 163 67 159 7 54 250 98 105 137 234 158 148 173 221 30 252 12 1 106 230 134 210 165 51 156 8 251 122 143 195 5 116 133 52 129 96 142 20 157 217 47 
[ 291.            3.66015005    4.67807198  255.            0.            2.
    6.            0.           90.        ]
1 183 167 132 60 69 80 8 146 3 28 15 170 178 158 253 123 129 240 136 174 215 73 235 103 65 126 204 189 157 9 38 135 51 196 198 64 72 52 144 220 233 71 229 111 18 219 41 61 194 62 79 36 112 152 162 159 197 5 184 246 232 106 211 102 223 93 218 155 214 92 39 230 96 11 7 120 137 177 191 94 121 128 24 90 21 74 249 241 25 131 134 245 110 226 179 228 237 119 208 55 242 16 199 188 99 210 40 2 30 150 57 171 63 91 27 217 44 205 17 147 67 201 156 250 32 68 200 13 224 115 42 56 244 169 138 108 185 78 114 83 43 192 107 234 29 130 70 154 236 75 54 113 172 231 49 213 46 127 12 76 105 85 251 151 35 238 14 141 88 125 143 142 0 34 164 163 124 254 212 89 59 26 58 165 255 66 202 6 45 82 190 209 216 23 166 252 19 98 47 225 160 4 53 10 173 239 86 77 84 48 222 104 206 221 145 20 247 187 176 175 180 50 37 182 149 186 116 97 31 33 101 117 139 207 100 243 153 195 95 161 109 133 140 203 22 181 118 193 122 87 168 81 248 227 148 
[ 287.            4.            4.41503763  255.            0.            2.
    6.            0.           92.        ]
102 191 177 226 179 71 238 79 81 197 105 51 205 88 25 165 209 109 227 192 104 144 53 26 96 180 178 97 36 254 73 143 127 122 28 199 141 45 133 126 34 82 224 215 156 132 56 62 90 86 167 124 182 47 202 137 159 93 24 9 185 217 195 184 108 52 253 236 247 225 38 29 216 248 40 65 80 85 13 129 43 41 72 147 183 111 75 166 155 210 98 92 69 23 106 94 19 152 112 151 170 0 6 186 206 2 162 157 214 15 228 203 196 201 222 116 49 181 189 7 135 121 110 99 134 240 150 95 154 20 27 12 231 77 117 175 246 123 250 14 213 60 188 8 194 59 30 76 234 83 223 149 140 35 74 4 114 193 22 242 70 204 39 5 161 84 89 168 207 235 50 172 229 125 163 57 17 63 255 115 10 243 91 130 245 87 131 1 218 37 211 42 212 237 239 31 148 113 187 32 54 221 160 46 103 139 58 244 18 3 169 174 233 78 67 232 153 48 158 11 164 100 64 146 21 251 198 33 66 138 128 44 16 55 68 241 219 120 220 119 208 190 200 171 249 230 101 142 145 107 173 61 252 176 136 118 

Vega searching with population size: 30 and generation count: 30
genome: SOFTWARE_IMPL (2,)
probability of mutation: 0.010000 probability of crossover: 0.900000
criterions: [BENT_AND_MOSAC, LP_MAX, DP_MAX, SAC, BF, POLYNOMIAL_DEGREE]
[   0.            0.83007503    1.          213.75          0.            1.
    3.            0.           44.        ]
{AND r0, r2 ; MOV r2, r0 ; OR r4, r1} , {AND r4, r2 ; NOT r1 ; OR r3, r0} , {OR r1, r3 ; AND r3, r1 ; AND r4, r0} , {XOR r0, r3 ; NOT r2 ; AND r3, r0} , {XOR r2, r1 ; XOR r0, r4 ; NOT r1} , {AND r1, r0 ; NOT r4 ; OR r0, r4}
[   0.            0.83007503    1.          220.            0.            1.
    3.            0.          102.        ]
{XOR r3, r2 ; MOV r4, r3 ; XOR r1, r2} , {OR r0, r2 ; NOT r3 ; OR r2, r4} , {AND r1, r4 ; XOR r0, r3 ; XOR r3, r1} , {AND r1, r3 ; OR r2, r3 ; OR r4, r3} , {AND r4, r0 ; OR r2, r2 ; OR r0, r3} , {AND r4, r3 ; XOR r3, r0 ; OR r0, r3}

Spea searching with population size: 30 and generation count: 30
genome: SOFTWARE_IMPL (2,)
probability of mutation: 0.050000 probability of crossover: 0.700000
criterions: [BENT_AND_MOSAC, LP_MAX, DP_MAX, SAC, BF, POLYNOMIAL_DEGREE]
[   0.            0.83007503    1.41503751  220.            0.            1.
    3.            0.            0.        ]
{XOR r4, r2 ; AND r0, r3 ; XOR r2, r0} , {OR r4, r0 ; AND r2, r2 ; OR r0, r2} , {XOR r4, r2 ; AND r1, r4 ; OR r0, r1} , {XOR r3, r0 ; XOR r0, r3 ; AND r1, r3} , {NOT r2 ; OR r0, r2 ; XOR r3, r2} , {XOR r2, r4 ; NOP ; OR r4, r0}
[   0.            0.83007503    0.41503751  220.            0.            1.
    4.            0.            4.        ]
{XOR r4, r2 ; AND r0, r3 ; XOR r1, r0} , {OR r4, r0 ; AND r2, r2 ; OR r0, r2} , {OR r4, r2 ; AND r1, r4 ; OR r0, r1} , {XOR r3, r0 ; XOR r0, r3 ; AND r1, r3} , {NOT r2 ; OR r0, r3 ; OR r4, r4} , {XOR r2, r4 ; OR r3, r3 ; OR r4, r0}
[   0.            0.83007503    1.41503751  220.            0.            1.
    3.            0.            6.        ]
{XOR r4, r2 ; AND r0, r3 ; XOR r2, r0} , {OR r4, r0 ; AND r2, r2 ; OR r0, r2} , {XOR r4, r2 ; AND r1, r4 ; OR r0, r1} , {XOR r3, r0 ; XOR r0, r3 ; AND r1, r3} , {NOT r2 ; OR r0, r2 ; OR r3, r2} , {XOR r2, r4 ; NOP ; OR r4, r0}
[   0.     -0.      1.    213.75    0.      2.      4.      0.      9.  ]
{XOR r0, r3 ; MOV r4, r0 ; XOR r2, r3} , {AND r0, r3 ; NOT r3 ; XOR r4, r2} , {AND r3, r0 ; XOR r1, r4 ; OR r4, r1} , {OR r4, r0 ; AND r2, r3 ; AND r0, r4} , {OR r3, r4 ; OR r4, r2 ; XOR r0, r1} , {XOR r1, r0 ; NOT r2 ; XOR r4, r1}
[   0.    2.    1.  240.    0.    1.    2.    0.   11.]
{MOV r4, r3 ; XOR r1, r2 ; OR r3, r3} , {OR r2, r2 ; XOR r1, r0 ; AND r4, r1} , {AND r1, r0 ; XOR r0, r4 ; XOR r4, r1} , {XOR r4, r2 ; OR r2, r3 ; AND r1, r4} , {AND r3, r4 ; OR r4, r2 ; XOR r0, r1} , {NOP ; NOT r4 ; OR r3, r3}
[   0.            0.83007503    1.41503751  220.            0.            1.
    3.            0.            0.        ]
{XOR r4, r2 ; AND r0, r3 ; XOR r2, r0} , {OR r4, r0 ; AND r2, r2 ; OR r0, r2} , {XOR r4, r2 ; AND r1, r4 ; OR r0, r1} , {XOR r3, r0 ; XOR r0, r3 ; AND r1, r3} , {NOT r2 ; OR r0, r2 ; XOR r3, r2} , {XOR r2, r4 ; NOP ; OR r4, r0}
[   0.            0.83007503   -0.          225.75          0.            2.
    2.            0.           13.        ]
{MOV r4, r3 ; XOR r0, r2 ; OR r3, r3} , {OR r2, r2 ; XOR r1, r3 ; AND r4, r1} , {NOT r2 ; XOR r0, r4 ; OR r4, r1} , {AND r4, r0 ; OR r3, r3 ; AND r1, r4} , {AND r1, r4 ; OR r3, r2 ; XOR r0, r1} , {NOP ; NOT r2 ; OR r3, r3}
[   0.    2.    1.  231.    0.    1.    2.    0.   14.]
{AND r2, r1 ; OR r4, r1 ; XOR r3, r2} , {OR r4, r0 ; XOR r0, r2 ; XOR r3, r4} , {XOR r2, r3 ; XOR r3, r3 ; OR r1, r1} , {NOT r3 ; OR r2, r3 ; OR r4, r1} , {OR r1, r2 ; AND r2, r0 ; OR r3, r3} , {XOR r0, r3 ; NOP ; XOR r4, r2}
[   0.            0.83007503    1.41503751  225.75          0.            1.
    3.            0.           17.        ]
{XOR r0, r1 ; AND r1, r3 ; NOT r4} , {XOR r3, r4 ; AND r1, r3 ; AND r4, r2} , {AND r4, r1 ; OR r0, r4 ; XOR r3, r1} , {NOT r3 ; OR r1, r3 ; OR r4, r1} , {OR r1, r2 ; AND r2, r0 ; OR r3, r3} , {XOR r0, r3 ; NOP ; XOR r4, r2}
[   0.      2.      1.    225.75    0.      1.      2.      0.     18.  ]
{AND r2, r1 ; OR r4, r1 ; XOR r3, r2} , {OR r4, r0 ; XOR r0, r2 ; XOR r2, r4} , {XOR r2, r3 ; XOR r4, r3 ; OR r1, r1} , {NOT r3 ; OR r1, r3 ; OR r4, r1} , {OR r1, r2 ; AND r2, r0 ; OR r3, r3} , {XOR r0, r3 ; NOP ; XOR r4, r2}
[   0.            0.83007503    1.41503751  225.75          0.            1.
    3.            0.           19.        ]
{XOR r0, r1 ; AND r1, r3 ; NOT r4} , {XOR r3, r4 ; AND r1, r3 ; AND r4, r2} , {AND r4, r1 ; OR r0, r4 ; XOR r3, r1} , {NOT r3 ; OR r1, r3 ; OR r4, r1} , {OR r1, r2 ; AND r2, r0 ; OR r3, r1} , {XOR r0, r3 ; NOP ; XOR r4, r2}
[   0.      2.      1.    225.75    0.      1.      2.      0.     20.  ]
{AND r2, r1 ; OR r4, r1 ; XOR r3, r2} , {OR r4, r0 ; XOR r0, r2 ; XOR r2, r4} , {XOR r2, r3 ; XOR r4, r3 ; OR r1, r1} , {NOT r3 ; OR r1, r3 ; OR r4, r1} , {OR r3, r2 ; AND r2, r0 ; XOR r0, r3} , {XOR r0, r2 ; NOP ; XOR r4, r2}

Exited with status: 0
