Random searching with population size: 30 and generation count: 30
genome: PERMUTATION (True, 8, 8) criterion: DP_MAX

[ 311.            3.82507443    4.67807198  255.            0.            2.
    6.            0.           32.        ]
8 245 253 113 173 54 105 186 212 64 167 67 246 120 39 14 85 213 151 109 138 218 36 153 128 9 170 3 78 73 169 254 206 88 163 10 202 180 232 233 28 125 47 129 116 25 183 134 178 140 247 118 251 12 53 4 237 165 126 220 5 42 199 131 57 231 148 65 210 185 130 93 217 119 38 49 20 11 31 32 108 87 142 66 179 82 160 236 40 215 187 101 207 200 33 68 0 6 112 244 86 43 198 46 194 70 188 201 121 124 133 79 48 56 19 176 94 146 174 21 211 250 96 230 95 243 69 252 224 168 191 91 145 104 106 159 114 35 228 30 184 71 141 111 147 23 2 139 75 132 177 13 135 196 107 166 239 102 175 7 216 81 55 222 29 204 137 45 97 144 52 235 41 158 255 27 164 117 84 227 161 192 249 63 197 172 171 122 76 205 150 99 24 100 123 241 62 189 103 74 240 44 37 51 17 156 92 15 90 50 1 225 34 152 77 149 154 219 221 214 58 208 162 181 59 115 16 136 143 26 182 223 226 89 229 98 238 157 22 83 80 209 203 155 60 127 234 18 193 72 248 190 242 195 61 110 
[ 272.            3.82507443    4.67807198  255.            0.            2.
    7.            0.           38.        ]
135 89 137 128 75 228 111 30 126 15 73 35 167 54 24 139 191 2 70 114 138 176 8 174 194 119 3 237 49 142 184 227 100 12 41 38 246 140 108 113 223 133 224 92 150 132 79 247 170 183 158 206 220 45 218 250 226 80 77 25 180 157 251 62 43 112 53 173 129 160 66 125 179 42 216 151 11 48 232 230 149 31 65 34 118 222 121 4 130 33 57 39 238 64 177 124 254 245 253 46 146 117 193 152 76 148 255 243 82 36 10 202 175 102 215 242 84 95 32 235 134 23 144 192 189 217 211 93 165 204 145 212 153 164 239 16 55 5 225 109 28 68 61 123 207 0 236 141 159 249 209 81 106 186 9 86 203 17 116 168 127 205 50 213 72 185 199 74 231 60 91 195 115 122 198 147 101 67 94 83 156 78 40 190 110 155 63 51 233 18 221 47 1 143 248 136 187 22 105 120 241 161 234 97 214 99 87 107 208 182 29 19 244 103 52 90 252 240 85 13 219 172 200 58 163 169 71 56 201 166 44 181 188 196 178 20 26 27 6 197 131 59 171 69 96 21 14 98 229 210 154 7 104 162 37 88 
[ 277.            3.66015005    4.67807198  255.            0.            2.
    7.            0.           40.        ]
134 167 253 105 212 131 237 67 38 28 250 52 175 153 180 178 232 96 160 102 11 5 78 169 194 220 198 170 246 137 211 14 173 148 201 213 3 79 231 8 113 4 54 254 20 128 64 111 88 233 120 101 230 47 118 207 39 25 196 251 31 116 141 203 191 215 185 125 188 126 121 138 186 33 85 7 187 82 103 147 6 13 9 200 235 32 151 36 42 218 129 206 43 119 224 40 26 223 12 210 227 244 87 56 10 176 132 46 73 109 183 146 30 238 70 179 135 252 243 68 255 247 100 53 91 49 24 205 35 222 130 152 199 77 92 106 202 145 245 107 168 182 110 166 97 165 117 66 86 133 21 164 163 219 228 29 181 90 93 236 140 114 37 81 95 34 94 172 158 208 45 115 108 142 159 65 23 63 189 216 104 242 143 41 62 192 229 44 69 123 124 84 57 156 217 0 18 55 214 197 83 221 193 19 139 76 204 150 71 171 48 59 2 99 157 15 136 60 51 240 1 162 234 226 58 161 144 177 190 154 209 174 248 16 22 195 249 127 112 75 74 50 98 89 155 241 184 17 61 239 149 27 225 72 80 122 
[ 272.            3.82507443    4.67807198  255.            0.            2.
    7.            0.           68.        ]
250 143 133 85 233 77 162 46 107 200 197 236 168 86 240 125 4 71 44 95 102 237 91 182 41 154 247 94 230 222 29 252 64 117 179 78 224 209 136 56 190 92 215 101 10 189 89 151 216 11 54 104 175 7 19 50 245 225 93 172 184 183 57 137 63 15 111 81 98 210 156 134 108 223 105 36 158 49 79 118 226 58 171 2 120 219 217 146 47 167 147 234 148 246 176 218 242 42 253 121 199 9 100 163 21 129 138 38 23 99 17 127 6 169 145 150 90 244 248 52 228 119 140 0 243 227 173 198 37 70 31 178 166 130 13 106 112 84 232 157 155 204 51 213 139 72 26 59 170 32 62 12 159 61 76 241 231 221 40 33 65 195 251 116 212 132 60 34 142 126 66 141 82 80 96 164 55 69 53 254 8 24 22 131 135 103 27 5 14 188 128 208 181 207 144 114 48 229 235 202 203 220 165 201 174 115 122 73 149 45 20 87 25 123 68 177 67 30 211 187 74 206 160 205 239 110 214 75 43 196 185 18 191 153 255 28 186 124 152 1 35 113 180 88 238 97 161 193 249 39 192 194 109 3 83 16 

Random searching with population size: 30 and generation count: 30
genome: PERMUTATION (True, 8, 8) criterion: DP_MAX

[ 255.            4.            4.67807198  255.            0.            2.
    7.            0.            6.        ]
223 51 136 189 196 114 100 156 20 1 236 77 204 65 163 122 54 179 208 144 126 140 42 111 180 195 10 133 117 6 68 241 60 57 237 95 250 115 23 104 170 232 94 58 30 225 66 242 128 192 74 147 238 130 148 194 209 222 109 59 228 123 101 171 169 18 166 212 76 36 89 254 106 197 2 32 137 108 70 132 199 78 184 221 37 43 203 176 81 92 187 33 226 182 86 168 82 71 224 56 44 145 149 251 235 119 16 139 244 52 15 61 73 143 255 248 107 188 55 141 150 191 200 172 24 91 152 75 173 210 183 231 207 190 246 83 134 240 40 157 205 17 233 239 113 28 252 120 31 35 155 215 41 97 21 202 102 129 90 38 127 4 164 206 159 245 131 249 84 213 93 64 19 8 153 234 243 186 69 160 87 5 154 63 211 175 45 216 181 7 198 53 80 25 151 96 217 105 214 110 62 26 98 27 165 138 14 11 3 47 12 185 167 22 121 29 72 177 218 219 67 116 146 0 229 220 135 124 158 39 201 50 247 99 13 227 174 142 85 253 161 46 118 88 178 48 125 230 79 112 162 103 193 49 9 34 
[ 275.            3.82507443    4.67807198  255.            0.            2.
    7.            0.           11.        ]
82 32 106 18 212 49 56 115 92 23 20 184 209 22 93 96 113 246 200 216 50 77 254 74 163 83 19 67 15 122 123 4 85 173 162 68 36 60 81 87 219 145 57 30 213 100 65 130 159 14 146 161 211 175 176 37 204 248 230 97 179 42 51 129 235 43 190 156 35 148 201 218 234 182 147 103 177 73 39 58 236 255 109 17 157 188 112 79 237 119 98 199 9 187 178 53 164 169 6 223 244 105 167 251 139 250 180 21 95 121 196 174 166 5 127 2 240 153 225 143 128 243 165 141 63 150 125 228 191 214 224 75 210 158 252 222 183 241 136 91 227 229 186 137 40 48 24 155 170 172 27 38 12 66 203 28 232 140 238 118 206 99 135 114 205 207 133 8 59 54 149 168 78 194 233 242 124 101 104 107 31 195 220 76 7 171 86 11 144 134 47 126 249 26 10 44 71 46 41 198 215 192 132 247 185 231 152 84 94 181 110 102 29 131 72 108 34 202 0 120 62 69 25 189 193 80 253 117 245 64 70 217 13 52 33 226 45 1 89 16 151 3 55 88 111 160 90 116 221 208 239 61 142 197 138 154 
[ 277.            4.            4.41503763  255.            0.            2.
    6.            0.           69.        ]
229 136 69 53 200 245 195 167 209 23 88 109 24 177 92 132 173 186 153 223 102 123 190 32 46 18 204 8 90 34 89 146 124 217 214 72 20 58 7 244 158 108 84 171 182 172 98 159 197 40 9 174 144 121 49 105 130 192 6 110 85 225 2 100 80 129 15 236 163 187 231 208 148 151 3 161 211 28 133 115 206 101 164 12 95 99 230 179 66 112 93 60 68 180 240 138 126 70 96 13 10 237 149 243 54 184 5 188 71 249 33 137 152 77 25 26 120 0 227 104 41 17 162 220 248 19 215 205 36 157 106 97 27 63 39 198 118 87 210 86 147 135 78 127 1 45 194 169 238 134 253 35 232 56 218 219 117 216 142 247 52 122 51 185 116 228 234 29 16 82 64 139 81 241 47 250 212 221 50 111 168 154 202 143 22 42 189 31 207 176 74 213 165 65 131 107 255 11 203 222 128 44 91 62 178 155 59 37 125 48 196 114 94 4 235 21 61 183 191 145 175 239 113 83 38 181 199 246 226 75 30 233 170 103 193 254 57 73 150 67 14 252 160 201 79 76 166 251 55 242 141 156 224 119 43 140 
[ 277.            4.            4.41503763  255.            0.            2.
    6.            0.           70.        ]
229 136 69 53 200 245 195 167 209 23 88 109 24 177 92 132 173 186 153 223 102 123 190 32 46 18 204 8 90 34 89 146 124 217 214 72 20 58 7 244 158 108 84 171 182 172 98 159 197 40 9 174 144 121 49 105 130 192 6 110 85 225 2 100 80 129 15 236 163 187 231 208 148 151 3 161 211 28 133 115 206 101 164 12 95 99 230 179 66 112 93 60 68 180 240 138 126 70 96 13 10 237 149 243 54 184 5 188 71 249 33 137 152 77 25 26 120 0 227 104 41 17 162 220 248 19 215 205 36 157 106 97 27 63 39 198 118 87 210 86 147 135 78 127 1 45 194 169 238 134 253 35 232 56 218 219 117 216 142 247 52 122 51 185 116 228 234 29 16 82 64 139 81 241 47 250 212 221 50 111 168 154 202 143 22 42 189 31 207 176 74 213 165 65 131 107 255 11 203 222 128 44 91 62 178 155 59 37 125 48 196 114 94 4 235 21 61 183 191 145 175 239 113 83 38 181 199 246 226 75 30 233 170 103 193 254 57 73 150 67 14 252 160 201 79 76 166 251 55 242 141 156 224 119 43 140 
[ 277.            4.            4.41503763  255.            0.            2.
    6.            0.           71.        ]
229 136 69 53 200 245 195 167 209 23 88 109 24 177 92 132 173 186 153 223 102 123 190 32 46 18 204 8 90 34 89 146 124 217 214 72 20 58 7 244 158 108 84 171 182 172 98 159 197 40 9 174 144 121 49 105 130 192 6 110 85 225 2 100 80 129 15 236 163 187 231 208 148 151 3 161 211 28 133 115 206 101 164 12 95 99 230 179 66 112 93 60 68 180 240 138 126 70 96 13 10 237 149 243 54 184 5 188 71 249 33 137 152 77 25 26 120 0 227 104 41 17 162 220 248 19 215 205 36 157 106 97 27 63 39 198 118 87 210 86 147 135 78 127 1 45 194 169 238 134 253 35 232 56 218 219 117 216 142 247 52 122 51 185 116 228 234 29 16 82 64 139 81 241 47 250 212 221 50 111 168 154 202 143 22 42 189 31 207 176 74 213 165 65 131 107 255 11 203 222 128 44 91 62 178 155 59 37 125 48 196 114 94 4 235 21 61 183 191 145 175 239 113 83 38 181 199 246 226 75 30 233 170 103 193 254 57 73 150 67 14 252 160 201 79 76 166 251 55 242 141 156 224 119 43 140 
[ 277.            4.            4.41503763  255.            0.            2.
    6.            0.           72.        ]
229 136 69 53 200 245 195 167 209 23 88 109 24 177 92 132 173 186 153 223 102 123 190 32 46 18 204 8 90 34 89 146 124 217 214 72 20 58 7 244 158 108 84 171 182 172 98 159 197 40 9 174 144 121 49 105 130 192 6 110 85 225 2 100 80 129 15 236 163 187 231 208 148 151 3 161 211 28 133 115 206 101 164 12 95 99 230 179 66 112 93 60 68 180 240 138 126 70 96 13 10 237 149 243 54 184 5 188 71 249 33 137 152 77 25 26 120 0 227 104 41 17 162 220 248 19 215 205 36 157 106 97 27 63 39 198 118 87 210 86 147 135 78 127 1 45 194 169 238 134 253 35 232 56 218 219 117 216 142 247 52 122 51 185 116 228 234 29 16 82 64 139 81 241 47 250 212 221 50 111 168 154 202 143 22 42 189 31 207 176 74 213 165 65 131 107 255 11 203 222 128 44 91 62 178 155 59 37 125 48 196 114 94 4 235 21 61 183 191 145 175 239 113 83 38 181 199 246 226 75 30 233 170 103 193 254 57 73 150 67 14 252 160 201 79 76 166 251 55 242 141 156 224 119 43 140 
[ 277.            4.            4.41503763  255.            0.            2.
    6.            0.           73.        ]
229 136 69 53 200 245 195 167 209 23 88 109 24 177 92 132 173 186 153 223 102 123 190 32 46 18 204 8 90 34 89 146 124 217 214 72 20 58 7 244 158 108 84 171 182 172 98 159 197 40 9 174 144 121 49 105 130 192 6 110 85 225 2 100 80 129 15 236 163 187 231 208 148 151 3 161 211 28 133 115 206 101 164 12 95 99 230 179 66 112 93 60 68 180 240 138 126 70 96 13 10 237 149 243 54 184 5 188 71 249 33 137 152 77 25 26 120 0 227 104 41 17 162 220 248 19 215 205 36 157 106 97 27 63 39 198 118 87 210 86 147 135 78 127 1 45 194 169 238 134 253 35 232 56 218 219 117 216 142 247 52 122 51 185 116 228 234 29 16 82 64 139 81 241 47 250 212 221 50 111 168 154 202 143 22 42 189 31 207 176 74 213 165 65 131 107 255 11 203 222 128 44 91 62 178 155 59 37 125 48 196 114 94 4 235 21 61 183 191 145 175 239 113 83 38 181 199 246 226 75 30 233 170 103 193 254 57 73 150 67 14 252 160 201 79 76 166 251 55 242 141 156 224 119 43 140 
[ 277.            4.            4.41503763  255.            0.            2.
    6.            0.           74.        ]
229 136 69 53 200 245 195 167 209 23 88 109 24 177 92 132 173 186 153 223 102 123 190 32 46 18 204 8 90 34 89 146 124 217 214 72 20 58 7 244 158 108 84 171 182 172 98 159 197 40 9 174 144 121 49 105 130 192 6 110 85 225 2 100 80 129 15 236 163 187 231 208 148 151 3 161 211 28 133 115 206 101 164 12 95 99 230 179 66 112 93 60 68 180 240 138 126 70 96 13 10 237 149 243 54 184 5 188 71 249 33 137 152 77 25 26 120 0 227 104 41 17 162 220 248 19 215 205 36 157 106 97 27 63 39 198 118 87 210 86 147 135 78 127 1 45 194 169 238 134 253 35 232 56 218 219 117 216 142 247 52 122 51 185 116 228 234 29 16 82 64 139 81 241 47 250 212 221 50 111 168 154 202 143 22 42 189 31 207 176 74 213 165 65 131 107 255 11 203 222 128 44 91 62 178 155 59 37 125 48 196 114 94 4 235 21 61 183 191 145 175 239 113 83 38 181 199 246 226 75 30 233 170 103 193 254 57 73 150 67 14 252 160 201 79 76 166 251 55 242 141 156 224 119 43 140 
[ 277.            4.            4.41503763  255.            0.            2.
    6.            0.           75.        ]
229 136 69 53 200 245 195 167 209 23 88 109 24 177 92 132 173 186 153 223 102 123 190 32 46 18 204 8 90 34 89 146 124 217 214 72 20 58 7 244 158 108 84 171 182 172 98 159 197 40 9 174 144 121 49 105 130 192 6 110 85 225 2 100 80 129 15 236 163 187 231 208 148 151 3 161 211 28 133 115 206 101 164 12 95 99 230 179 66 112 93 60 68 180 240 138 126 70 96 13 10 237 149 243 54 184 5 188 71 249 33 137 152 77 25 26 120 0 227 104 41 17 162 220 248 19 215 205 36 157 106 97 27 63 39 198 118 87 210 86 147 135 78 127 1 45 194 169 238 134 253 35 232 56 218 219 117 216 142 247 52 122 51 185 116 228 234 29 16 82 64 139 81 241 47 250 212 221 50 111 168 154 202 143 22 42 189 31 207 176 74 213 165 65 131 107 255 11 203 222 128 44 91 62 178 155 59 37 125 48 196 114 94 4 235 21 61 183 191 145 175 239 113 83 38 181 199 246 226 75 30 233 170 103 193 254 57 73 150 67 14 252 160 201 79 76 166 251 55 242 141 156 224 119 43 140 
[ 277.            4.            4.41503763  255.            0.            2.
    6.            0.           76.        ]
229 136 69 53 200 245 195 167 209 23 88 109 24 177 92 132 173 186 153 223 102 123 190 32 46 18 204 8 90 34 89 146 124 217 214 72 20 58 7 244 158 108 84 171 182 172 98 159 197 40 9 174 144 121 49 105 130 192 6 110 85 225 2 100 80 129 15 236 163 187 231 208 148 151 3 161 211 28 133 115 206 101 164 12 95 99 230 179 66 112 93 60 68 180 240 138 126 70 96 13 10 237 149 243 54 184 5 188 71 249 33 137 152 77 25 26 120 0 227 104 41 17 162 220 248 19 215 205 36 157 106 97 27 63 39 198 118 87 210 86 147 135 78 127 1 45 194 169 238 134 253 35 232 56 218 219 117 216 142 247 52 122 51 185 116 228 234 29 16 82 64 139 81 241 47 250 212 221 50 111 168 154 202 143 22 42 189 31 207 176 74 213 165 65 131 107 255 11 203 222 128 44 91 62 178 155 59 37 125 48 196 114 94 4 235 21 61 183 191 145 175 239 113 83 38 181 199 246 226 75 30 233 170 103 193 254 57 73 150 67 14 252 160 201 79 76 166 251 55 242 141 156 224 119 43 140 
[ 277.            4.            4.41503763  255.            0.            2.
    6.            0.           77.        ]
229 136 69 53 200 245 195 167 209 23 88 109 24 177 92 132 173 186 153 223 102 123 190 32 46 18 204 8 90 34 89 146 124 217 214 72 20 58 7 244 158 108 84 171 182 172 98 159 197 40 9 174 144 121 49 105 130 192 6 110 85 225 2 100 80 129 15 236 163 187 231 208 148 151 3 161 211 28 133 115 206 101 164 12 95 99 230 179 66 112 93 60 68 180 240 138 126 70 96 13 10 237 149 243 54 184 5 188 71 249 33 137 152 77 25 26 120 0 227 104 41 17 162 220 248 19 215 205 36 157 106 97 27 63 39 198 118 87 210 86 147 135 78 127 1 45 194 169 238 134 253 35 232 56 218 219 117 216 142 247 52 122 51 185 116 228 234 29 16 82 64 139 81 241 47 250 212 221 50 111 168 154 202 143 22 42 189 31 207 176 74 213 165 65 131 107 255 11 203 222 128 44 91 62 178 155 59 37 125 48 196 114 94 4 235 21 61 183 191 145 175 239 113 83 38 181 199 246 226 75 30 233 170 103 193 254 57 73 150 67 14 252 160 201 79 76 166 251 55 242 141 156 224 119 43 140 
[ 277.            4.            4.41503763  255.            0.            2.
    6.            0.           78.        ]
229 136 69 53 200 245 195 167 209 23 88 109 24 177 92 132 173 186 153 223 102 123 190 32 46 18 204 8 90 34 89 146 124 217 214 72 20 58 7 244 158 108 84 171 182 172 98 159 197 40 9 174 144 121 49 105 130 192 6 110 85 225 2 100 80 129 15 236 163 187 231 208 148 151 3 161 211 28 133 115 206 101 164 12 95 99 230 179 66 112 93 60 68 180 240 138 126 70 96 13 10 237 149 243 54 184 5 188 71 249 33 137 152 77 25 26 120 0 227 104 41 17 162 220 248 19 215 205 36 157 106 97 27 63 39 198 118 87 210 86 147 135 78 127 1 45 194 169 238 134 253 35 232 56 218 219 117 216 142 247 52 122 51 185 116 228 234 29 16 82 64 139 81 241 47 250 212 221 50 111 168 154 202 143 22 42 189 31 207 176 74 213 165 65 131 107 255 11 203 222 128 44 91 62 178 155 59 37 125 48 196 114 94 4 235 21 61 183 191 145 175 239 113 83 38 181 199 246 226 75 30 233 170 103 193 254 57 73 150 67 14 252 160 201 79 76 166 251 55 242 141 156 224 119 43 140 
[ 277.            4.            4.41503763  255.            0.            2.
    6.            0.           79.        ]
229 136 69 53 200 245 195 167 209 23 88 109 24 177 92 132 173 186 153 223 102 123 190 32 46 18 204 8 90 34 89 146 124 217 214 72 20 58 7 244 158 108 84 171 182 172 98 159 197 40 9 174 144 121 49 105 130 192 6 110 85 225 2 100 80 129 15 236 163 187 231 208 148 151 3 161 211 28 133 115 206 101 164 12 95 99 230 179 66 112 93 60 68 180 240 138 126 70 96 13 10 237 149 243 54 184 5 188 71 249 33 137 152 77 25 26 120 0 227 104 41 17 162 220 248 19 215 205 36 157 106 97 27 63 39 198 118 87 210 86 147 135 78 127 1 45 194 169 238 134 253 35 232 56 218 219 117 216 142 247 52 122 51 185 116 228 234 29 16 82 64 139 81 241 47 250 212 221 50 111 168 154 202 143 22 42 189 31 207 176 74 213 165 65 131 107 255 11 203 222 128 44 91 62 178 155 59 37 125 48 196 114 94 4 235 21 61 183 191 145 175 239 113 83 38 181 199 246 226 75 30 233 170 103 193 254 57 73 150 67 14 252 160 201 79 76 166 251 55 242 141 156 224 119 43 140 
[ 277.            4.            4.41503763  255.            0.            2.
    6.            0.           80.        ]
229 136 69 53 200 245 195 167 209 23 88 109 24 177 92 132 173 186 153 223 102 123 190 32 46 18 204 8 90 34 89 146 124 217 214 72 20 58 7 244 158 108 84 171 182 172 98 159 197 40 9 174 144 121 49 105 130 192 6 110 85 225 2 100 80 129 15 236 163 187 231 208 148 151 3 161 211 28 133 115 206 101 164 12 95 99 230 179 66 112 93 60 68 180 240 138 126 70 96 13 10 237 149 243 54 184 5 188 71 249 33 137 152 77 25 26 120 0 227 104 41 17 162 220 248 19 215 205 36 157 106 97 27 63 39 198 118 87 210 86 147 135 78 127 1 45 194 169 238 134 253 35 232 56 218 219 117 216 142 247 52 122 51 185 116 228 234 29 16 82 64 139 81 241 47 250 212 221 50 111 168 154 202 143 22 42 189 31 207 176 74 213 165 65 131 107 255 11 203 222 128 44 91 62 178 155 59 37 125 48 196 114 94 4 235 21 61 183 191 145 175 239 113 83 38 181 199 246 226 75 30 233 170 103 193 254 57 73 150 67 14 252 160 201 79 76 166 251 55 242 141 156 224 119 43 140 
[ 277.            4.            4.41503763  255.            0.            2.
    6.            0.           81.        ]
229 136 69 53 200 245 195 167 209 23 88 109 24 177 92 132 173 186 153 223 102 123 190 32 46 18 204 8 90 34 89 146 124 217 214 72 20 58 7 244 158 108 84 171 182 172 98 159 197 40 9 174 144 121 49 105 130 192 6 110 85 225 2 100 80 129 15 236 163 187 231 208 148 151 3 161 211 28 133 115 206 101 164 12 95 99 230 179 66 112 93 60 68 180 240 138 126 70 96 13 10 237 149 243 54 184 5 188 71 249 33 137 152 77 25 26 120 0 227 104 41 17 162 220 248 19 215 205 36 157 106 97 27 63 39 198 118 87 210 86 147 135 78 127 1 45 194 169 238 134 253 35 232 56 218 219 117 216 142 247 52 122 51 185 116 228 234 29 16 82 64 139 81 241 47 250 212 221 50 111 168 154 202 143 22 42 189 31 207 176 74 213 165 65 131 107 255 11 203 222 128 44 91 62 178 155 59 37 125 48 196 114 94 4 235 21 61 183 191 145 175 239 113 83 38 181 199 246 226 75 30 233 170 103 193 254 57 73 150 67 14 252 160 201 79 76 166 251 55 242 141 156 224 119 43 140 
[ 277.            4.            4.41503763  255.            0.            2.
    6.            0.           82.        ]
229 136 69 53 200 245 195 167 209 23 88 109 24 177 92 132 173 186 153 223 102 123 190 32 46 18 204 8 90 34 89 146 124 217 214 72 20 58 7 244 158 108 84 171 182 172 98 159 197 40 9 174 144 121 49 105 130 192 6 110 85 225 2 100 80 129 15 236 163 187 231 208 148 151 3 161 211 28 133 115 206 101 164 12 95 99 230 179 66 112 93 60 68 180 240 138 126 70 96 13 10 237 149 243 54 184 5 188 71 249 33 137 152 77 25 26 120 0 227 104 41 17 162 220 248 19 215 205 36 157 106 97 27 63 39 198 118 87 210 86 147 135 78 127 1 45 194 169 238 134 253 35 232 56 218 219 117 216 142 247 52 122 51 185 116 228 234 29 16 82 64 139 81 241 47 250 212 221 50 111 168 154 202 143 22 42 189 31 207 176 74 213 165 65 131 107 255 11 203 222 128 44 91 62 178 155 59 37 125 48 196 114 94 4 235 21 61 183 191 145 175 239 113 83 38 181 199 246 226 75 30 233 170 103 193 254 57 73 150 67 14 252 160 201 79 76 166 251 55 242 141 156 224 119 43 140 
[ 277.            4.            4.41503763  255.            0.            2.
    6.            0.           83.        ]
229 136 69 53 200 245 195 167 209 23 88 109 24 177 92 132 173 186 153 223 102 123 190 32 46 18 204 8 90 34 89 146 124 217 214 72 20 58 7 244 158 108 84 171 182 172 98 159 197 40 9 174 144 121 49 105 130 192 6 110 85 225 2 100 80 129 15 236 163 187 231 208 148 151 3 161 211 28 133 115 206 101 164 12 95 99 230 179 66 112 93 60 68 180 240 138 126 70 96 13 10 237 149 243 54 184 5 188 71 249 33 137 152 77 25 26 120 0 227 104 41 17 162 220 248 19 215 205 36 157 106 97 27 63 39 198 118 87 210 86 147 135 78 127 1 45 194 169 238 134 253 35 232 56 218 219 117 216 142 247 52 122 51 185 116 228 234 29 16 82 64 139 81 241 47 250 212 221 50 111 168 154 202 143 22 42 189 31 207 176 74 213 165 65 131 107 255 11 203 222 128 44 91 62 178 155 59 37 125 48 196 114 94 4 235 21 61 183 191 145 175 239 113 83 38 181 199 246 226 75 30 233 170 103 193 254 57 73 150 67 14 252 160 201 79 76 166 251 55 242 141 156 224 119 43 140 
[ 277.            4.            4.41503763  255.            0.            2.
    6.            0.           84.        ]
229 136 69 53 200 245 195 167 209 23 88 109 24 177 92 132 173 186 153 223 102 123 190 32 46 18 204 8 90 34 89 146 124 217 214 72 20 58 7 244 158 108 84 171 182 172 98 159 197 40 9 174 144 121 49 105 130 192 6 110 85 225 2 100 80 129 15 236 163 187 231 208 148 151 3 161 211 28 133 115 206 101 164 12 95 99 230 179 66 112 93 60 68 180 240 138 126 70 96 13 10 237 149 243 54 184 5 188 71 249 33 137 152 77 25 26 120 0 227 104 41 17 162 220 248 19 215 205 36 157 106 97 27 63 39 198 118 87 210 86 147 135 78 127 1 45 194 169 238 134 253 35 232 56 218 219 117 216 142 247 52 122 51 185 116 228 234 29 16 82 64 139 81 241 47 250 212 221 50 111 168 154 202 143 22 42 189 31 207 176 74 213 165 65 131 107 255 11 203 222 128 44 91 62 178 155 59 37 125 48 196 114 94 4 235 21 61 183 191 145 175 239 113 83 38 181 199 246 226 75 30 233 170 103 193 254 57 73 150 67 14 252 160 201 79 76 166 251 55 242 141 156 224 119 43 140 
[ 277.            4.            4.41503763  255.            0.            2.
    6.            0.           85.        ]
229 136 69 53 200 245 195 167 209 23 88 109 24 177 92 132 173 186 153 223 102 123 190 32 46 18 204 8 90 34 89 146 124 217 214 72 20 58 7 244 158 108 84 171 182 172 98 159 197 40 9 174 144 121 49 105 130 192 6 110 85 225 2 100 80 129 15 236 163 187 231 208 148 151 3 161 211 28 133 115 206 101 164 12 95 99 230 179 66 112 93 60 68 180 240 138 126 70 96 13 10 237 149 243 54 184 5 188 71 249 33 137 152 77 25 26 120 0 227 104 41 17 162 220 248 19 215 205 36 157 106 97 27 63 39 198 118 87 210 86 147 135 78 127 1 45 194 169 238 134 253 35 232 56 218 219 117 216 142 247 52 122 51 185 116 228 234 29 16 82 64 139 81 241 47 250 212 221 50 111 168 154 202 143 22 42 189 31 207 176 74 213 165 65 131 107 255 11 203 222 128 44 91 62 178 155 59 37 125 48 196 114 94 4 235 21 61 183 191 145 175 239 113 83 38 181 199 246 226 75 30 233 170 103 193 254 57 73 150 67 14 252 160 201 79 76 166 251 55 242 141 156 224 119 43 140 
[ 277.            4.            4.41503763  255.            0.            2.
    6.            0.           86.        ]
229 136 69 53 200 245 195 167 209 23 88 109 24 177 92 132 173 186 153 223 102 123 190 32 46 18 204 8 90 34 89 146 124 217 214 72 20 58 7 244 158 108 84 171 182 172 98 159 197 40 9 174 144 121 49 105 130 192 6 110 85 225 2 100 80 129 15 236 163 187 231 208 148 151 3 161 211 28 133 115 206 101 164 12 95 99 230 179 66 112 93 60 68 180 240 138 126 70 96 13 10 237 149 243 54 184 5 188 71 249 33 137 152 77 25 26 120 0 227 104 41 17 162 220 248 19 215 205 36 157 106 97 27 63 39 198 118 87 210 86 147 135 78 127 1 45 194 169 238 134 253 35 232 56 218 219 117 216 142 247 52 122 51 185 116 228 234 29 16 82 64 139 81 241 47 250 212 221 50 111 168 154 202 143 22 42 189 31 207 176 74 213 165 65 131 107 255 11 203 222 128 44 91 62 178 155 59 37 125 48 196 114 94 4 235 21 61 183 191 145 175 239 113 83 38 181 199 246 226 75 30 233 170 103 193 254 57 73 150 67 14 252 160 201 79 76 166 251 55 242 141 156 224 119 43 140 
[ 277.            4.            4.41503763  255.            0.            2.
    6.            0.           87.        ]
229 136 69 53 200 245 195 167 209 23 88 109 24 177 92 132 173 186 153 223 102 123 190 32 46 18 204 8 90 34 89 146 124 217 214 72 20 58 7 244 158 108 84 171 182 172 98 159 197 40 9 174 144 121 49 105 130 192 6 110 85 225 2 100 80 129 15 236 163 187 231 208 148 151 3 161 211 28 133 115 206 101 164 12 95 99 230 179 66 112 93 60 68 180 240 138 126 70 96 13 10 237 149 243 54 184 5 188 71 249 33 137 152 77 25 26 120 0 227 104 41 17 162 220 248 19 215 205 36 157 106 97 27 63 39 198 118 87 210 86 147 135 78 127 1 45 194 169 238 134 253 35 232 56 218 219 117 216 142 247 52 122 51 185 116 228 234 29 16 82 64 139 81 241 47 250 212 221 50 111 168 154 202 143 22 42 189 31 207 176 74 213 165 65 131 107 255 11 203 222 128 44 91 62 178 155 59 37 125 48 196 114 94 4 235 21 61 183 191 145 175 239 113 83 38 181 199 246 226 75 30 233 170 103 193 254 57 73 150 67 14 252 160 201 79 76 166 251 55 242 141 156 224 119 43 140 
[ 277.            4.            4.41503763  255.            0.            2.
    6.            0.           88.        ]
229 136 69 53 200 245 195 167 209 23 88 109 24 177 92 132 173 186 153 223 102 123 190 32 46 18 204 8 90 34 89 146 124 217 214 72 20 58 7 244 158 108 84 171 182 172 98 159 197 40 9 174 144 121 49 105 130 192 6 110 85 225 2 100 80 129 15 236 163 187 231 208 148 151 3 161 211 28 133 115 206 101 164 12 95 99 230 179 66 112 93 60 68 180 240 138 126 70 96 13 10 237 149 243 54 184 5 188 71 249 33 137 152 77 25 26 120 0 227 104 41 17 162 220 248 19 215 205 36 157 106 97 27 63 39 198 118 87 210 86 147 135 78 127 1 45 194 169 238 134 253 35 232 56 218 219 117 216 142 247 52 122 51 185 116 228 234 29 16 82 64 139 81 241 47 250 212 221 50 111 168 154 202 143 22 42 189 31 207 176 74 213 165 65 131 107 255 11 203 222 128 44 91 62 178 155 59 37 125 48 196 114 94 4 235 21 61 183 191 145 175 239 113 83 38 181 199 246 226 75 30 233 170 103 193 254 57 73 150 67 14 252 160 201 79 76 166 251 55 242 141 156 224 119 43 140 
[ 277.            4.            4.41503763  255.            0.            2.
    6.            0.           89.        ]
229 136 69 53 200 245 195 167 209 23 88 109 24 177 92 132 173 186 153 223 102 123 190 32 46 18 204 8 90 34 89 146 124 217 214 72 20 58 7 244 158 108 84 171 182 172 98 159 197 40 9 174 144 121 49 105 130 192 6 110 85 225 2 100 80 129 15 236 163 187 231 208 148 151 3 161 211 28 133 115 206 101 164 12 95 99 230 179 66 112 93 60 68 180 240 138 126 70 96 13 10 237 149 243 54 184 5 188 71 249 33 137 152 77 25 26 120 0 227 104 41 17 162 220 248 19 215 205 36 157 106 97 27 63 39 198 118 87 210 86 147 135 78 127 1 45 194 169 238 134 253 35 232 56 218 219 117 216 142 247 52 122 51 185 116 228 234 29 16 82 64 139 81 241 47 250 212 221 50 111 168 154 202 143 22 42 189 31 207 176 74 213 165 65 131 107 255 11 203 222 128 44 91 62 178 155 59 37 125 48 196 114 94 4 235 21 61 183 191 145 175 239 113 83 38 181 199 246 226 75 30 233 170 103 193 254 57 73 150 67 14 252 160 201 79 76 166 251 55 242 141 156 224 119 43 140 

Vega searching with population size: 30 and generation count: 30
genome: CGP (6, 6, 6, 5, 15)
probability of mutation: 0.900000 probability of crossover: 0.000000
criterions: [BENT_AND_MOSAC, LP_MAX, DP_MAX, SAC, BF, POLYNOMIAL_DEGREE]
[ 12.           0.83007503   1.          51.5          0.           1.           2.
  17.          22.        ]
{6,6,6,5,2,1,13}([6]4,3,2)([7]5,2,6)([8]0,5,7)([9]2,1,8)([10]1,4,2)([11]6,2,3)([12]10,9,3)([13]1,9,8)([14]1,8,7)([15]8,2,4)([16]5,4,5)([17]12,3,3)([18]1,11,1)([19]15,1,0)([20]14,4,4)([21]20,16,0)([22]17,19,2)([23]5,17,7)([24]5,16,6)([25]19,5,0)([26]25,0,1)([27]0,1,4)([28]1,25,1)([29]22,0,0)([30]21,23,8)([31]27,30,8)([32]5,28,5)([33]27,4,6)([34]2,30,2)([35]27,27,8)(22,20,15,24,23,17)

[ 51.          -0.           0.19264507  40.           0.           1.           3.
  16.          30.        ]
{6,6,6,5,2,1,14}([6]4,1,2)([7]5,3,2)([8]0,2,8)([9]4,5,4)([10]2,5,4)([11]8,10,7)([12]7,2,7)([13]4,9,5)([14]5,3,7)([15]8,1,8)([16]14,13,6)([17]1,12,1)([18]5,2,6)([19]3,14,1)([20]2,2,7)([21]0,18,1)([22]19,17,5)([23]5,0,5)([24]0,20,8)([25]2,0,6)([26]22,22,2)([27]3,21,3)([28]21,4,6)([29]22,3,7)([30]21,25,2)([31]27,2,5)([32]26,0,4)([33]27,26,5)([34]30,26,7)([35]5,2,8)(22,34,28,32,26,12)

[ 27.           0.38529015   1.          45.5          0.           1.           2.
  18.          44.        ]
{6,6,6,5,2,1,12}([6]3,1,7)([7]0,5,4)([8]4,5,8)([9]2,4,8)([10]3,0,0)([11]8,6,1)([12]8,6,0)([13]9,6,3)([14]5,7,4)([15]1,1,4)([16]12,12,5)([17]15,14,4)([18]2,1,3)([19]13,0,1)([20]0,14,3)([21]5,5,4)([22]0,4,7)([23]0,4,2)([24]19,4,1)([25]1,17,6)([26]21,23,2)([27]24,3,0)([28]24,3,5)([29]24,5,0)([30]0,4,6)([31]26,4,8)([32]0,29,1)([33]26,28,2)([34]28,29,5)([35]3,1,4)(9,29,23,13,33,8)

[ 41.          -0.           0.67807192  56.5          0.           1.           1.
  13.          60.        ]
{6,6,6,5,2,1,17}([6]5,2,6)([7]3,4,6)([8]1,0,8)([9]3,0,3)([10]2,1,1)([11]3,2,3)([12]6,2,0)([13]9,10,8)([14]1,7,7)([15]10,7,8)([16]12,0,8)([17]15,12,1)([18]15,4,7)([19]14,5,6)([20]2,1,5)([21]17,3,7)([22]19,20,6)([23]4,17,5)([24]20,16,8)([25]1,3,0)([26]21,2,4)([27]21,3,7)([28]22,23,7)([29]21,1,3)([30]21,5,6)([31]26,1,4)([32]26,2,4)([33]5,27,8)([34]4,29,1)([35]27,0,2)(10,33,19,34,11,24)

[ 38.     -0.      1.     52.625   0.      1.      1.     12.     61.   ]
{6,6,6,5,2,1,18}([6]5,2,6)([7]3,4,1)([8]1,0,8)([9]2,0,3)([10]2,1,1)([11]5,2,3)([12]2,4,4)([13]9,10,8)([14]1,7,7)([15]10,7,3)([16]3,15,8)([17]15,12,0)([18]15,4,7)([19]4,5,6)([20]2,13,5)([21]17,3,7)([22]2,20,6)([23]4,17,5)([24]20,16,6)([25]1,17,0)([26]21,2,4)([27]21,3,7)([28]22,23,7)([29]22,2,3)([30]21,5,6)([31]26,2,4)([32]26,2,4)([33]0,27,8)([34]4,29,1)([35]26,0,2)(20,33,19,34,11,24)


Spea searching with population size: 30 and generation count: 30
genome: PERMUTATION (True, 6, 6)
probability of mutation: 0.900000 probability of crossover: 0.050000
criterions: [BENT_AND_MOSAC, LP_MAX, DP_MAX, SAC, BF, POLYNOMIAL_DEGREE]
[ 109.            2.83007503    3.           63.            0.            2.
    4.            0.            2.        ]
23 29 45 52 6 1 11 35 41 4 13 24 59 0 7 43 25 3 48 10 40 21 60 5 50 12 54 18 16 2 61 19 55 8 56 44 31 36 57 49 28 58 62 37 30 32 38 14 42 53 47 27 51 17 39 20 26 33 34 63 22 46 15 9 
[ 124.            2.38529015    3.           63.            0.            2.
    4.            0.            3.        ]
10 48 27 54 63 11 46 53 36 59 55 43 44 9 30 34 60 4 39 61 26 0 17 21 19 16 25 22 58 5 42 8 57 3 20 18 15 47 23 31 28 14 1 40 37 38 49 62 12 41 35 13 24 7 32 45 51 52 29 2 56 33 50 6 
[ 90.           2.38529015   3.41503739  63.           0.           2.           5.
   0.           4.        ]
10 23 21 15 18 51 0 55 46 32 40 20 60 34 39 27 13 44 7 9 24 25 6 31 8 35 30 43 62 16 57 38 1 29 2 63 50 61 56 49 3 22 36 59 28 54 58 47 53 19 17 26 48 5 14 12 41 4 11 33 52 42 37 45 
[ 113.            2.38529015    3.           63.            0.            2.
    5.            0.            5.        ]
2 6 29 56 33 50 12 41 13 7 35 24 49 52 18 23 38 51 1 62 3 47 28 31 37 19 20 32 14 15 22 8 42 45 57 25 61 58 40 34 0 17 9 5 43 21 39 44 60 55 26 16 63 46 54 30 11 59 48 53 36 4 10 27 
[ 126.            2.38529015    2.67807198   63.            0.            2.
    4.            0.            6.        ]
56 21 35 15 8 34 14 1 45 18 29 36 9 63 39 22 6 4 13 50 12 37 0 60 41 46 44 59 47 30 2 61 53 54 32 58 10 57 7 38 31 62 3 42 49 52 33 11 24 16 55 48 23 40 51 28 20 25 17 19 5 26 27 43 
[ 114.    2.    3.   63.    0.    2.    5.    0.    9.]
15 35 18 34 8 21 45 14 36 9 56 29 63 4 37 1 50 44 46 6 39 12 2 13 60 59 22 41 0 32 30 58 3 10 47 61 53 57 54 38 42 31 55 52 40 62 24 33 49 7 48 23 26 19 27 17 25 43 16 28 5 11 51 20 
[ 107.            2.38529015    3.41503739   63.            0.            2.
    4.            0.           10.        ]
43 27 5 26 19 25 28 17 20 40 51 23 48 55 11 24 16 33 52 49 3 62 38 42 57 7 31 10 32 54 30 2 58 61 47 53 59 44 46 41 60 13 0 12 63 37 9 22 6 36 4 50 18 1 45 39 14 8 15 21 34 35 56 29 
[ 127.            2.            2.67807198   63.            0.            2.
    4.            0.           16.        ]
7 14 36 44 8 4 17 56 13 9 29 30 50 16 20 53 2 46 26 37 35 38 31 22 11 41 45 23 12 10 55 19 32 63 58 61 40 51 52 60 39 1 43 49 5 54 42 3 24 62 33 21 34 47 57 6 48 15 18 27 25 59 28 0 
[ 114.            2.38529015    2.41503739   63.            0.            2.
    5.            0.           19.        ]
27 62 59 28 34 47 57 18 0 25 6 48 33 24 21 39 54 42 15 3 43 60 58 5 49 52 32 61 55 51 19 10 40 12 63 23 31 1 46 41 37 11 2 45 38 20 26 14 16 29 22 53 13 35 50 9 7 36 30 8 4 17 56 44 
[ 103.            2.83007503    3.           63.            0.            2.
    5.            0.           22.        ]
15 60 3 32 19 58 24 5 40 62 54 31 25 26 7 45 56 33 30 28 16 57 27 49 52 42 51 41 18 21 23 14 55 0 35 29 6 48 11 39 53 8 4 9 20 36 46 13 17 12 38 59 47 63 1 22 43 37 2 44 61 34 50 10 
[ 109.            2.83007503    3.           63.            0.            2.
    4.            0.            2.        ]
23 29 45 52 6 1 11 35 41 4 13 24 59 0 7 43 25 3 48 10 40 21 60 5 50 12 54 18 16 2 61 19 55 8 56 44 31 36 57 49 28 58 62 37 30 32 38 14 42 53 47 27 51 17 39 20 26 33 34 63 22 46 15 9 
[ 132.            2.            2.67807198   63.            0.            2.
    4.            0.           24.        ]
61 22 44 34 43 50 1 2 12 37 38 4 59 63 17 10 11 8 46 9 47 20 36 13 53 0 6 48 39 18 29 55 27 21 35 23 14 52 41 49 51 42 30 54 57 33 16 26 25 45 28 40 7 31 5 62 56 58 19 3 32 15 24 60 

Vega searching with population size: 30 and generation count: 30
genome: PERMUTATION (True, 6, 6)
probability of mutation: 0.100000 probability of crossover: 0.900000
criterions: [BENT_AND_MOSAC, LP_MAX, DP_MAX, SAC, BF, POLYNOMIAL_DEGREE]
[ 119.            2.38529015    3.           63.            0.            2.
    4.            0.           31.        ]
0 50 60 34 43 16 2 1 35 46 61 5 52 33 28 53 18 63 31 59 29 12 38 49 56 24 41 48 42 20 37 22 14 54 4 23 25 57 15 47 32 36 10 62 27 7 3 51 6 21 13 44 39 19 40 26 58 8 45 30 55 17 11 9 
[ 111.            2.38529015    2.67807198   63.            0.            2.
    5.            0.           34.        ]
10 9 42 60 36 63 28 41 18 59 5 2 22 53 32 17 52 61 23 8 51 30 35 15 50 37 58 20 11 16 1 12 39 55 14 40 6 31 26 46 25 57 21 45 7 29 27 3 24 4 49 13 0 47 43 44 33 34 62 48 19 38 56 54 
[ 126.            2.38529015    2.41503739   63.            0.            2.
    4.            0.           60.        ]
44 21 54 23 43 20 6 42 5 33 53 58 12 8 19 27 49 0 56 14 45 36 40 38 31 29 59 2 48 30 61 60 57 13 16 55 11 9 51 47 15 37 52 50 4 1 63 39 7 10 41 25 18 3 35 28 62 34 17 32 46 24 22 26 
[ 110.            2.83007503    3.           63.            0.            2.
    4.            0.           69.        ]
5 60 30 10 56 50 23 63 25 4 19 53 1 37 59 0 12 13 45 21 34 41 44 39 7 61 48 49 33 27 9 3 14 31 47 20 58 36 35 11 43 42 54 52 51 46 6 55 38 28 18 2 15 8 22 29 26 16 32 24 57 17 62 40 
[ 110.            2.38529015    3.           63.            0.            2.
    5.            0.           73.        ]
20 61 12 44 33 18 57 3 5 29 16 27 26 46 8 11 63 47 6 51 4 2 14 35 49 62 39 23 1 38 15 40 32 9 42 59 19 52 45 31 54 28 13 7 55 22 60 48 21 58 43 34 0 50 53 25 30 17 24 41 37 56 36 10 
[ 123.            2.            2.67807198   63.            0.            2.
    4.            0.           90.        ]
38 30 20 2 40 61 41 31 55 5 22 16 25 17 19 54 27 29 28 12 62 50 0 34 14 13 21 43 6 32 7 42 39 48 56 26 49 1 47 53 59 63 33 4 9 57 46 58 35 37 60 8 3 11 36 44 18 52 51 24 23 10 15 45 
[ 94.           2.83007503   3.          63.           0.           2.           5.
   0.          94.        ]
28 57 21 62 22 30 42 52 4 55 32 60 56 59 13 26 58 34 20 24 14 19 15 10 33 43 18 31 0 2 37 61 35 27 50 41 16 48 7 12 39 5 54 53 1 49 3 45 51 46 8 23 44 29 36 17 11 63 47 6 38 40 9 25 
[ 103.            2.83007503    2.67807198   63.            0.            2.
    5.            0.          101.        ]
9 24 4 61 12 44 8 6 49 47 37 43 31 32 60 55 39 36 42 7 1 53 27 45 59 0 10 50 3 58 17 63 52 56 13 11 15 40 48 46 14 21 54 28 16 2 34 38 57 19 33 29 18 51 5 62 22 20 26 41 30 23 35 25 

Vega searching with population size: 30 and generation count: 30
genome: CGP (8, 8, 8, 7, 28)
probability of mutation: 0.900000 probability of crossover: 0.000000
criterions: [BENT_AND_MOSAC, LP_MAX, DP_MAX, SAC, BF, POLYNOMIAL_DEGREE]
[ 100.   -0.   -0.  229.    0.    1.    1.   39.   10.]
{8,8,8,7,2,1,17}([8]6,3,4)([9]5,4,0)([10]7,2,1)([11]1,1,8)([12]0,3,1)([13]7,6,7)([14]2,5,0)([15]2,12,8)([16]3,9,4)([17]2,5,4)([18]13,1,6)([19]13,14,1)([20]4,1,8)([21]12,11,4)([22]20,4,0)([23]21,19,4)([24]4,21,2)([25]6,6,8)([26]6,5,8)([27]19,4,6)([28]20,3,0)([29]27,28,1)([30]4,3,2)([31]22,0,5)([32]6,25,1)([33]5,2,7)([34]23,27,3)([35]26,22,1)([36]33,1,8)([37]34,5,1)([38]3,31,3)([39]35,34,2)([40]35,31,8)([41]29,29,5)([42]2,29,6)([43]3,3,2)([44]41,2,7)([45]37,3,3)([46]4,3,2)([47]2,41,4)([48]1,5,7)([49]7,42,3)([50]6,44,7)([51]3,46,8)([52]4,4,2)([53]47,6,1)([54]3,45,5)([55]47,4,0)([56]5,6,4)([57]5,54,0)([58]4,54,4)([59]53,6,0)([60]1,55,1)([61]53,51,2)([62]5,55,7)([63]3,56,0)(10,44,50,20,10,23,56,34)

[  6.20000000e+01  -0.00000000e+00   1.92645073e-01   2.29000000e+02
   0.00000000e+00   1.00000000e+00   2.00000000e+00   3.80000000e+01
   1.30000000e+01]
{8,8,8,7,2,1,18}([8]0,7,2)([9]1,1,3)([10]0,7,1)([11]3,7,4)([12]5,4,0)([13]0,7,8)([14]1,7,6)([15]6,4,1)([16]14,11,6)([17]2,1,1)([18]3,9,5)([19]9,2,0)([20]0,8,2)([21]4,4,7)([22]17,19,1)([23]21,20,1)([24]4,21,4)([25]5,2,7)([26]0,0,0)([27]18,3,3)([28]16,6,8)([29]0,2,1)([30]27,24,7)([31]5,6,7)([32]28,6,2)([33]24,28,3)([34]24,1,1)([35]3,27,5)([36]1,31,6)([37]34,2,0)([38]34,1,5)([39]32,7,2)([40]3,3,2)([41]32,5,6)([42]6,34,8)([43]7,1,3)([44]6,36,0)([45]7,41,5)([46]4,41,3)([47]2,41,3)([48]39,38,6)([49]39,5,4)([50]44,46,6)([51]49,5,8)([52]6,47,2)([53]2,5,5)([54]49,0,1)([55]44,0,3)([56]49,47,6)([57]2,0,6)([58]0,0,2)([59]56,2,7)([60]5,50,5)([61]50,2,7)([62]50,53,6)([63]7,4,3)(10,54,33,25,45,48,34,39)

[  54.           -0.            0.60768259  237.375         0.            1.
    1.           37.           16.        ]
{8,8,8,7,2,1,19}([8]3,5,4)([9]1,3,3)([10]7,4,8)([11]7,0,5)([12]3,2,0)([13]5,4,5)([14]6,1,1)([15]3,5,1)([16]1,2,8)([17]11,10,7)([18]9,11,4)([19]3,8,5)([20]8,8,1)([21]11,0,4)([22]3,4,2)([23]19,0,3)([24]19,21,0)([25]5,6,7)([26]0,0,2)([27]3,20,8)([28]18,5,4)([29]22,26,2)([30]5,23,3)([31]1,6,0)([32]7,0,4)([33]7,6,6)([34]3,6,1)([35]0,5,0)([36]33,35,3)([37]2,0,7)([38]29,1,2)([39]2,3,5)([40]34,30,1)([41]30,5,0)([42]7,0,8)([43]2,41,2)([44]41,1,5)([45]1,2,6)([46]40,4,5)([47]2,36,8)([48]38,2,5)([49]42,4,2)([50]3,45,5)([51]7,5,7)([52]43,4,4)([53]0,0,7)([54]47,45,7)([55]44,49,6)([56]45,49,3)([57]56,52,4)([58]1,53,2)([59]56,52,3)([60]53,50,7)([61]7,52,1)([62]56,5,2)([63]55,5,5)(25,45,0,12,15,47,62,46)

[   0.           -0.            0.67807192  211.            0.            1.
    1.           39.          103.        ]
{8,8,8,7,2,1,17}([8]6,6,8)([9]7,4,4)([10]3,2,7)([11]4,7,4)([12]2,0,3)([13]1,2,6)([14]7,4,7)([15]4,4,0)([16]14,14,5)([17]7,11,3)([18]8,9,6)([19]12,0,2)([20]10,6,0)([21]6,14,1)([22]21,16,8)([23]4,1,1)([24]16,4,0)([25]2,19,3)([26]6,4,4)([27]19,15,6)([28]2,2,5)([29]25,7,1)([30]24,27,5)([31]22,24,8)([32]1,22,3)([33]23,4,2)([34]1,26,8)([35]27,0,6)([36]34,5,4)([37]35,7,1)([38]6,1,3)([39]2,3,7)([40]3,0,4)([41]4,33,2)([42]31,3,0)([43]4,36,4)([44]39,36,6)([45]5,3,1)([46]39,4,3)([47]2,38,5)([48]36,5,2)([49]39,1,7)([50]0,47,1)([51]45,47,7)([52]1,7,1)([53]2,48,5)([54]5,49,8)([55]6,0,1)([56]43,49,0)([57]55,2,7)([58]50,6,6)([59]52,6,5)([60]5,0,5)([61]52,53,4)([62]50,52,7)([63]3,3,0)(17,35,45,33,14,24,29,34)

[   0.           -0.            0.41503751  210.25          0.            1.
    2.           41.          104.        ]
{8,8,8,7,2,1,15}([8]3,6,1)([9]7,4,7)([10]3,2,7)([11]1,7,4)([12]2,0,4)([13]1,2,6)([14]2,4,7)([15]7,4,0)([16]14,14,5)([17]7,11,5)([18]8,9,6)([19]12,0,2)([20]10,6,1)([21]2,9,2)([22]21,17,8)([23]4,1,1)([24]16,4,0)([25]2,16,3)([26]6,4,4)([27]2,15,6)([28]2,2,5)([29]25,7,1)([30]24,27,6)([31]22,24,8)([32]1,22,3)([33]23,7,2)([34]1,26,8)([35]27,0,6)([36]34,5,3)([37]0,7,1)([38]3,31,3)([39]32,31,5)([40]3,0,4)([41]4,33,6)([42]5,3,0)([43]4,36,4)([44]39,36,7)([45]5,3,1)([46]39,4,3)([47]2,39,5)([48]36,5,2)([49]39,1,7)([50]0,47,1)([51]45,47,7)([52]45,7,1)([53]2,48,6)([54]5,49,8)([55]6,0,1)([56]43,49,3)([57]55,2,7)([58]0,6,6)([59]52,6,4)([60]5,0,2)([61]52,53,4)([62]50,51,7)([63]3,3,7)(21,35,45,33,16,24,29,34)

[   0.           -0.            0.41503751  210.25          0.            1.
    2.           41.          108.        ]
{8,8,8,7,2,1,15}([8]3,6,1)([9]7,4,7)([10]3,2,7)([11]1,7,4)([12]2,0,4)([13]1,2,6)([14]2,4,7)([15]7,4,0)([16]14,14,5)([17]7,11,5)([18]8,9,6)([19]12,0,2)([20]10,6,1)([21]2,9,2)([22]21,17,8)([23]4,1,1)([24]16,4,0)([25]2,16,3)([26]6,4,4)([27]2,15,6)([28]2,2,5)([29]25,7,1)([30]24,27,6)([31]22,24,8)([32]1,22,3)([33]23,7,2)([34]1,26,8)([35]27,0,6)([36]34,5,3)([37]0,7,1)([38]3,1,3)([39]32,31,5)([40]3,0,4)([41]4,33,6)([42]5,3,0)([43]4,36,4)([44]39,36,7)([45]5,3,1)([46]39,4,3)([47]2,39,5)([48]36,5,2)([49]39,1,7)([50]0,47,1)([51]45,47,7)([52]45,7,1)([53]2,48,6)([54]5,49,8)([55]6,0,1)([56]43,49,3)([57]55,2,7)([58]0,6,6)([59]52,6,4)([60]5,0,2)([61]52,53,4)([62]50,51,7)([63]3,3,7)(21,35,45,33,16,24,29,34)


Spea searching with population size: 30 and generation count: 30
genome: PERMUTATION (True, 8, 8)
probability of mutation: 0.900000 probability of crossover: 0.050000
criterions: [BENT_AND_MOSAC, LP_MAX, DP_MAX, SAC, BF, POLYNOMIAL_DEGREE]
[ 294.            4.            4.41503763  255.            0.            2.
    6.            0.            2.        ]
154 203 78 129 223 172 126 13 20 253 60 113 23 120 200 122 90 119 235 183 225 39 208 99 211 115 215 30 247 214 102 29 0 83 141 234 181 32 249 179 117 177 195 149 91 246 58 216 28 182 41 220 161 204 38 240 46 221 94 7 243 137 73 5 79 19 77 207 48 68 164 140 159 251 192 222 171 134 14 230 157 74 239 37 252 170 56 49 21 67 27 59 92 65 114 155 11 18 165 197 101 40 96 219 34 250 104 33 25 9 153 131 244 241 233 47 166 156 57 69 123 88 22 111 124 228 217 254 106 62 89 187 162 52 2 206 45 209 84 44 184 80 224 237 150 143 173 15 167 128 212 36 107 81 110 231 109 35 136 193 169 118 201 191 72 70 16 26 116 176 152 76 185 97 168 54 142 43 174 66 3 147 75 133 4 82 213 202 160 198 146 190 248 139 50 145 138 135 87 108 53 10 245 148 93 105 85 188 127 196 61 86 158 229 112 194 125 210 51 42 255 151 132 121 144 218 163 103 100 175 232 186 24 227 8 95 189 205 71 63 236 242 178 238 55 226 6 1 12 180 64 17 199 98 130 31 
[ 274.            4.            4.67807198  255.            0.            2.
    7.            0.            3.        ]
183 242 59 117 92 250 172 157 74 20 71 47 4 235 65 84 149 163 218 81 136 178 133 115 254 168 198 154 123 93 38 106 179 245 137 244 54 76 79 214 104 107 152 165 132 83 164 86 11 105 246 196 166 48 88 207 29 56 9 100 45 27 108 215 200 80 255 234 82 160 224 227 150 40 1 180 201 141 135 95 211 116 13 171 14 113 176 75 253 239 69 90 170 128 30 237 188 206 121 153 193 112 197 229 21 208 127 26 226 22 61 140 174 18 98 147 3 222 217 124 126 143 221 199 110 114 77 175 15 216 144 213 34 220 44 64 70 210 240 228 94 219 73 231 19 120 243 191 119 161 17 52 248 96 159 12 66 39 62 53 185 203 60 138 87 236 192 232 182 43 251 85 125 148 186 212 129 230 32 103 205 118 139 24 190 67 247 223 134 91 28 78 184 50 187 37 31 63 10 158 33 16 49 131 202 167 238 241 5 189 111 101 181 55 6 25 177 173 57 99 225 97 46 142 72 145 35 169 36 122 109 233 23 252 58 195 162 42 51 204 151 209 41 156 2 130 8 194 7 68 102 146 0 89 155 249 
[ 293.            3.82507443    4.67807198  255.            0.            2.
    6.            0.           11.        ]
147 27 182 13 97 142 114 67 128 194 105 153 86 50 48 56 230 255 227 159 173 12 209 122 174 241 176 235 64 83 156 213 165 152 177 107 22 100 134 80 199 161 186 188 232 25 52 183 63 44 178 81 245 168 39 164 33 121 109 14 82 112 247 252 28 51 140 90 101 141 138 71 236 163 254 116 21 36 76 187 143 5 61 19 206 248 133 207 32 68 204 78 57 223 125 243 226 205 8 216 137 99 70 221 149 23 214 96 212 144 210 47 91 218 169 26 190 185 251 89 3 1 2 201 49 198 41 98 172 229 104 225 155 217 249 181 73 202 111 167 46 233 34 136 115 59 17 135 215 24 193 103 220 246 113 130 253 110 16 37 170 7 203 129 211 95 40 18 139 42 65 54 93 88 55 9 208 151 108 30 0 237 250 180 74 75 85 132 45 102 160 234 92 228 127 53 124 31 240 231 157 15 222 184 117 154 192 242 60 238 158 150 29 146 72 4 38 126 94 197 166 77 43 10 58 195 11 123 239 106 66 62 224 179 20 69 79 35 119 131 145 87 191 175 118 171 196 219 162 148 189 200 120 244 6 84 
[ 284.            3.82507443    4.67807198  255.            0.            2.
    7.            0.           14.        ]
18 60 31 169 54 68 2 233 238 110 42 228 227 194 152 20 224 19 153 4 76 130 5 132 53 124 248 147 165 55 1 245 66 232 24 163 101 126 127 104 159 69 121 175 117 97 28 150 131 138 6 80 133 63 79 154 25 140 230 22 52 178 252 144 71 215 56 78 199 106 216 182 88 181 237 207 229 50 105 143 222 184 61 11 62 17 234 92 205 40 112 191 254 32 158 188 70 255 217 45 198 145 108 96 231 202 225 35 162 30 59 37 204 168 129 12 81 137 134 246 208 160 243 250 177 220 156 172 200 203 113 13 90 125 240 151 149 15 189 34 170 155 212 210 253 85 64 75 236 218 179 183 190 0 74 65 102 58 83 57 223 93 176 219 38 192 180 26 51 241 73 167 8 9 120 114 39 174 239 33 211 41 136 67 193 84 95 187 157 14 141 36 221 16 100 46 196 3 107 226 206 242 197 146 89 99 173 82 47 161 251 122 109 247 43 166 128 148 209 201 115 186 10 44 21 111 103 195 23 29 171 91 116 139 48 123 27 94 72 249 142 49 77 244 87 98 119 135 118 235 86 164 185 7 214 213 
[ 301.            3.82507443    4.41503763  255.            0.            2.
    7.            0.           16.        ]
186 195 115 10 116 23 49 142 87 164 123 119 21 201 139 118 171 249 29 44 235 98 7 77 135 228 53 91 233 68 86 244 20 19 214 147 54 27 224 148 132 1 18 238 152 185 60 110 31 213 101 55 131 194 245 6 76 165 227 153 79 199 159 248 133 97 4 71 52 237 121 63 69 130 184 124 24 80 104 25 175 117 22 138 127 216 154 56 150 106 140 62 215 17 222 40 207 11 182 191 45 254 252 234 178 32 88 70 105 108 143 92 217 112 50 129 61 137 255 35 188 172 198 177 155 202 158 231 30 205 170 212 168 220 134 218 250 162 160 203 0 113 204 75 151 190 156 243 93 13 183 83 48 219 189 149 253 240 210 58 38 200 26 192 241 223 64 8 9 39 174 15 73 176 65 180 81 163 33 37 206 225 59 167 114 102 72 51 193 74 120 208 144 43 236 12 230 66 246 251 34 28 2 169 179 57 90 85 239 211 100 94 14 3 36 41 221 67 232 226 5 96 181 157 229 78 145 125 122 111 126 103 47 146 109 99 166 16 84 242 161 42 89 187 82 46 196 136 197 128 247 95 141 107 209 173 
[ 287.            4.            4.41503763  255.            0.            2.
    7.            0.           19.        ]
87 116 44 186 142 115 195 23 21 49 201 119 249 135 10 77 147 139 171 123 235 54 7 244 164 233 91 118 98 68 29 86 148 152 27 132 224 185 238 53 228 214 18 60 1 110 165 131 31 19 227 55 245 194 101 20 213 199 6 79 133 76 124 121 71 159 4 117 69 63 97 153 25 130 106 80 52 127 184 175 154 237 11 248 138 40 17 140 104 56 178 45 150 254 216 22 70 207 92 105 222 182 24 234 32 217 215 252 62 108 143 61 191 198 158 88 50 112 129 170 30 231 255 0 155 202 172 134 13 205 35 250 168 203 137 220 212 162 188 151 218 113 160 156 219 177 93 210 243 189 190 58 8 253 176 39 204 15 240 183 200 26 241 83 223 65 38 149 9 73 192 48 66 75 206 174 180 193 81 74 208 59 64 43 72 236 230 51 163 167 102 144 179 37 100 114 2 232 94 14 120 96 57 12 211 33 28 34 225 41 90 85 109 226 157 141 36 3 126 246 5 169 187 251 125 103 145 111 42 67 146 197 47 82 16 221 46 166 161 239 229 99 181 247 136 122 78 128 173 107 196 209 95 84 242 89 
[ 274.            4.            4.67807198  255.            0.            2.
    7.            0.           24.        ]
144 203 92 174 161 62 33 133 193 142 68 163 93 240 175 242 46 11 223 57 61 51 47 183 148 19 115 212 22 231 253 5 71 250 25 110 84 91 188 124 67 238 103 135 121 154 229 113 158 153 90 244 232 23 18 130 141 96 192 15 190 243 7 34 136 45 64 184 49 168 235 132 186 99 251 107 87 171 108 69 116 60 58 165 226 82 159 21 78 52 56 0 180 213 114 140 94 129 125 126 32 117 40 79 156 208 145 109 53 255 59 72 221 149 172 17 152 202 198 89 205 179 13 245 166 10 29 123 230 38 42 176 70 134 201 102 214 14 16 2 104 191 248 97 170 75 86 12 73 162 48 65 236 41 105 215 20 155 216 139 85 196 150 66 207 88 234 209 197 157 127 211 112 187 217 219 228 63 233 224 210 164 218 95 173 111 1 177 151 206 200 252 225 9 204 118 100 247 35 143 55 36 44 8 37 30 27 222 6 43 3 178 128 227 80 39 119 189 4 220 122 101 31 106 50 54 241 83 137 249 77 181 160 199 81 239 147 28 24 76 26 169 194 167 131 138 98 237 182 254 195 74 120 246 185 146 
[ 298.            3.82507443    4.67807198  255.            0.            2.
    6.            0.           25.        ]
46 249 112 179 139 43 0 39 9 93 138 152 78 133 239 12 234 29 224 137 235 252 21 22 188 83 149 79 220 128 55 74 47 146 87 8 232 57 121 36 215 157 110 231 214 227 175 211 176 218 16 143 14 183 209 117 245 162 195 241 40 208 160 62 217 24 147 205 127 113 187 58 228 130 145 230 222 156 99 253 171 210 86 189 15 202 63 49 19 144 75 199 181 129 151 61 225 26 51 131 180 136 194 66 94 134 65 141 148 98 72 54 185 122 2 212 155 71 11 85 27 84 32 150 97 154 247 44 251 48 178 123 165 164 219 191 33 226 167 216 244 255 126 170 76 3 238 236 82 118 96 177 7 28 237 67 192 50 159 124 35 100 246 103 173 90 153 168 60 240 115 31 38 10 174 201 221 52 105 242 116 250 104 13 207 41 213 132 4 111 20 107 102 197 169 92 142 81 91 56 1 80 190 182 5 186 30 243 184 233 125 95 45 114 69 229 166 42 108 59 18 120 77 34 53 203 73 37 17 70 101 135 172 23 25 223 158 106 204 119 161 193 200 196 140 254 89 6 64 248 68 109 88 206 198 163 

Vega searching with population size: 30 and generation count: 30
genome: PERMUTATION (True, 8, 8)
probability of mutation: 0.100000 probability of crossover: 0.900000
criterions: [BENT_AND_MOSAC, LP_MAX, DP_MAX, SAC, BF, POLYNOMIAL_DEGREE]
[ 324.            4.            4.67807198  255.            0.            2.
    6.            0.            1.        ]
90 38 173 117 72 112 19 58 244 0 174 12 164 246 200 109 199 63 228 183 151 143 171 55 50 253 66 124 146 239 123 44 103 113 203 11 46 102 218 139 10 167 87 136 130 120 128 16 195 225 201 158 224 249 234 110 107 18 238 254 240 82 94 248 144 76 84 47 69 191 77 232 169 165 198 135 184 163 8 68 95 185 83 41 13 32 205 85 180 67 250 54 9 241 214 179 188 53 51 79 81 177 52 125 92 5 96 73 98 193 4 30 147 17 172 245 28 222 78 60 152 196 74 22 106 86 71 88 25 31 15 118 233 170 101 243 162 231 93 43 251 141 42 140 57 122 207 204 121 252 62 64 178 2 211 226 99 149 56 111 219 189 26 3 35 138 213 129 159 80 142 114 36 212 182 45 153 156 150 1 48 132 227 168 29 202 216 217 116 7 34 209 223 229 49 187 59 27 155 145 220 134 210 186 181 133 40 235 20 97 75 161 157 21 194 119 23 215 39 192 247 242 190 115 65 221 206 91 160 33 154 230 24 175 131 208 70 197 89 61 104 105 6 14 176 108 137 237 100 126 255 236 127 148 166 37 
[ 324.            4.            4.67807198  255.            0.            2.
    6.            0.            1.        ]
90 38 173 117 72 112 19 58 244 0 174 12 164 246 200 109 199 63 228 183 151 143 171 55 50 253 66 124 146 239 123 44 103 113 203 11 46 102 218 139 10 167 87 136 130 120 128 16 195 225 201 158 224 249 234 110 107 18 238 254 240 82 94 248 144 76 84 47 69 191 77 232 169 165 198 135 184 163 8 68 95 185 83 41 13 32 205 85 180 67 250 54 9 241 214 179 188 53 51 79 81 177 52 125 92 5 96 73 98 193 4 30 147 17 172 245 28 222 78 60 152 196 74 22 106 86 71 88 25 31 15 118 233 170 101 243 162 231 93 43 251 141 42 140 57 122 207 204 121 252 62 64 178 2 211 226 99 149 56 111 219 189 26 3 35 138 213 129 159 80 142 114 36 212 182 45 153 156 150 1 48 132 227 168 29 202 216 217 116 7 34 209 223 229 49 187 59 27 155 145 220 134 210 186 181 133 40 235 20 97 75 161 157 21 194 119 23 215 39 192 247 242 190 115 65 221 206 91 160 33 154 230 24 175 131 208 70 197 89 61 104 105 6 14 176 108 137 237 100 126 255 236 127 148 166 37 
[ 284.            3.82507443    4.67807198  255.            0.            2.
    7.            0.           11.        ]
8 198 205 113 118 90 80 230 208 23 218 255 183 225 136 36 101 246 181 242 182 197 73 204 111 195 55 129 157 33 68 26 163 224 241 61 29 18 233 176 138 95 216 51 234 166 155 46 244 173 75 238 139 62 189 58 203 144 17 7 64 149 38 251 21 71 185 219 159 97 221 14 201 147 211 137 202 252 48 133 158 99 143 196 130 154 37 200 96 84 10 145 45 142 24 32 88 190 41 100 161 124 215 56 239 107 186 15 52 72 43 30 65 223 222 34 152 112 42 35 77 187 85 98 140 131 116 217 103 194 169 212 0 109 226 240 92 93 66 253 247 248 164 83 79 120 28 162 89 167 20 47 207 156 214 146 210 78 227 249 11 25 13 179 22 128 6 63 114 53 122 188 1 160 2 150 206 31 82 180 3 12 165 76 151 108 213 86 123 40 69 44 104 59 105 74 54 4 229 209 153 232 9 235 192 91 127 94 106 245 19 125 87 115 102 178 174 121 171 172 236 231 132 193 50 110 175 141 39 228 126 191 168 237 170 16 184 57 148 81 70 27 243 220 67 5 119 117 250 177 254 134 135 60 199 49 
[ 223.            4.18621874    4.67807198  255.            0.            2.
    7.            0.           38.        ]
62 180 79 30 13 29 122 132 254 115 52 60 199 6 70 28 76 20 33 102 49 95 219 5 31 226 253 11 117 233 65 123 36 159 93 222 109 178 82 26 124 96 187 74 75 136 63 73 152 50 179 9 120 240 243 207 166 158 105 14 55 24 155 248 43 21 131 142 34 138 204 194 211 175 151 146 4 210 184 89 1 116 64 247 236 67 231 220 27 68 174 165 81 90 99 19 44 71 46 232 193 172 134 42 133 25 103 0 246 218 121 208 91 149 221 242 224 87 154 234 181 139 238 195 107 216 118 77 106 135 198 137 212 206 250 237 190 196 57 3 22 125 80 229 170 235 173 8 140 37 192 225 169 38 156 48 88 153 40 18 201 145 185 252 100 85 162 10 191 111 147 128 167 230 223 92 58 150 130 160 144 200 45 35 72 241 129 186 56 228 141 249 94 39 110 176 104 41 255 202 188 119 213 205 214 245 177 66 157 15 59 32 114 217 148 163 17 2 84 54 7 168 203 101 171 12 98 53 113 108 209 47 197 143 61 86 251 244 126 164 16 215 78 23 182 239 51 189 161 227 69 83 97 112 183 127 
[ 270.            4.            4.67807198  255.            0.            2.
    7.            0.           45.        ]
175 179 77 96 224 119 62 84 219 182 88 159 83 181 22 55 233 18 236 177 111 127 192 65 168 66 38 190 216 64 112 79 185 78 14 0 228 70 241 140 47 121 250 200 57 232 80 151 44 33 183 155 46 252 53 105 128 143 110 208 118 87 194 217 23 210 189 3 144 130 239 248 6 56 29 161 211 129 32 202 92 201 221 98 137 214 209 115 76 41 85 89 146 74 249 242 198 61 196 186 149 45 28 107 237 247 122 117 12 240 113 106 40 156 135 36 172 86 138 134 54 102 104 170 100 72 42 218 160 26 203 8 93 30 148 63 90 157 142 243 99 101 120 16 114 166 173 73 229 226 150 68 124 220 60 251 15 50 197 212 71 174 75 227 17 147 52 69 162 31 97 253 139 125 199 43 158 131 81 255 195 25 5 141 164 27 126 238 178 2 191 37 49 223 152 9 21 165 58 103 184 20 35 154 123 254 231 244 180 145 136 132 7 222 176 4 19 171 234 1 206 51 215 213 163 34 230 94 205 167 169 207 188 133 109 193 13 246 187 245 108 204 39 91 67 59 116 24 95 153 82 235 11 10 48 225 
[ 288.            3.66015005    4.67807198  255.            0.            2.
    7.            0.           91.        ]
222 167 107 230 65 34 15 9 90 47 214 210 216 245 38 208 136 202 78 141 10 190 129 173 67 26 242 85 127 172 175 126 76 37 14 194 239 18 100 177 198 111 64 228 79 146 8 254 197 157 196 118 110 169 35 182 106 53 68 149 142 3 58 108 171 93 199 105 32 71 115 104 229 159 221 41 150 251 204 218 1 17 11 248 99 116 203 180 160 156 94 7 164 225 82 125 66 96 84 40 161 237 130 112 0 69 135 213 234 186 217 250 81 191 36 200 31 179 249 124 154 4 60 133 183 23 45 50 87 139 235 74 83 29 57 54 201 170 123 49 206 16 39 162 137 27 44 132 231 55 61 73 153 168 189 241 134 30 97 176 52 207 28 209 240 131 2 193 119 102 148 19 178 151 232 145 195 247 188 212 56 155 165 174 62 121 5 163 75 109 246 95 192 215 226 51 22 6 91 46 152 122 233 252 89 21 42 138 181 253 98 244 24 243 144 25 211 184 113 236 70 224 227 220 103 255 140 120 114 86 187 117 185 20 43 128 48 238 158 33 101 80 12 143 63 166 59 147 205 223 72 219 92 13 88 77 

Vega searching with population size: 30 and generation count: 30
genome: SOFTWARE_IMPL (2,)
probability of mutation: 0.010000 probability of crossover: 0.900000
criterions: [BENT_AND_MOSAC, LP_MAX, DP_MAX, SAC, BF, POLYNOMIAL_DEGREE]
[  0.          -0.           0.19264507  31.           0.           1.           4.
   0.          15.        ]
{AND r1, r4 ; OR r0, r3 ; OR r2, r1} , {OR r0, r2 ; AND r3, r1 ; AND r4, r2} , {OR r2, r1 ; XOR r3, r3 ; AND r4, r3} , {NOT r1 ; XOR r4, r2 ; NOT r2} , {XOR r3, r1 ; NOT r2 ; NOT r1} , {NOT r4 ; NOT r2 ; XOR r1, r2}
[   0.            0.83007503    1.          213.75          0.            1.
    3.            0.           32.        ]
{AND r3, r2 ; NOT r2 ; AND r0, r0} , {OR r1, r3 ; XOR r4, r0 ; NOT r2} , {OR r1, r3 ; OR r3, r2 ; AND r0, r1} , {XOR r4, r0 ; AND r3, r1 ; OR r1, r2} , {NOT r4 ; AND r2, r3 ; XOR r1, r1} , {OR r1, r3 ; AND r4, r4 ; OR r0, r2}
[   0.   -0.   -0.  252.    0.    2.    1.    0.   34.]
{XOR r0, r3 ; XOR r3, r0 ; OR r1, r4} , {AND r4, r0 ; AND r0, r1 ; OR r2, r2} , {OR r1, r0 ; NOT r4 ; NOT r0} , {XOR r1, r3 ; XOR r4, r1 ; AND r0, r0} , {NOT r3 ; XOR r4, r3 ; OR r1, r1} , {NOP ; NOP ; NOT r2}
[   0.           -0.            0.41503751  220.            0.            2.
    0.            0.           51.        ]
{XOR r0, r2 ; OR r4, r1 ; OR r2, r0} , {XOR r3, r3 ; OR r2, r3 ; XOR r0, r3} , {OR r3, r0 ; OR r1, r0 ; OR r2, r0} , {XOR r2, r1 ; OR r4, r4 ; NOT r1} , {OR r0, r0 ; XOR r4, r4 ; AND r3, r2} , {XOR r3, r4 ; NOP ; AND r1, r0}
[   0.           -0.            0.41503751  220.            0.            2.
    0.            0.           52.        ]
{XOR r0, r2 ; OR r4, r1 ; OR r2, r0} , {XOR r3, r3 ; OR r2, r3 ; XOR r0, r3} , {OR r3, r0 ; OR r1, r0 ; OR r2, r0} , {XOR r2, r1 ; OR r4, r4 ; NOT r1} , {OR r0, r0 ; XOR r4, r4 ; AND r3, r2} , {XOR r3, r4 ; NOP ; AND r1, r0}

Spea searching with population size: 30 and generation count: 30
genome: SOFTWARE_IMPL (2,)
probability of mutation: 0.050000 probability of crossover: 0.700000
criterions: [BENT_AND_MOSAC, LP_MAX, DP_MAX, SAC, BF, POLYNOMIAL_DEGREE]
[   0.            0.83007503    1.          243.75          0.            2.
    2.            0.            7.        ]
{XOR r0, r1 ; AND r1, r3 ; MOV r4, r0} , {NOT r2 ; NOT r4 ; AND r3, r3} , {XOR r2, r1 ; OR r0, r4 ; XOR r1, r4} , {XOR r0, r1 ; XOR r1, r3 ; NOT r3} , {XOR r3, r2 ; XOR r2, r3 ; OR r4, r0} , {NOT r1 ; AND r3, r0 ; OR r0, r3}
[   0.    2.    1.  231.    0.    1.    2.    0.    8.]
{XOR r2, r1 ; AND r3, r0 ; MOV r0, r0} , {NOT r2 ; NOT r4 ; OR r3, r3} , {XOR r2, r1 ; OR r0, r4 ; XOR r1, r4} , {XOR r0, r1 ; XOR r1, r3 ; NOT r3} , {XOR r3, r2 ; XOR r2, r3 ; AND r4, r0} , {NOT r1 ; AND r3, r0 ; OR r0, r3}
[   0.            0.83007503    1.          240.            0.            2.
    2.            0.           10.        ]
{XOR r0, r1 ; AND r1, r3 ; OR r4, r0} , {NOT r2 ; NOT r4 ; AND r3, r3} , {XOR r2, r1 ; OR r0, r4 ; XOR r3, r4} , {XOR r0, r1 ; XOR r1, r3 ; NOT r3} , {XOR r3, r2 ; XOR r2, r3 ; OR r4, r0} , {NOT r1 ; XOR r3, r0 ; AND r0, r3}
[   0.            0.83007503    1.41503751  222.9375        0.            1.
    3.            0.           11.        ]
{XOR r0, r1 ; AND r1, r3 ; MOV r4, r0} , {AND r4, r0 ; XOR r0, r2 ; OR r2, r0} , {XOR r2, r1 ; OR r0, r4 ; XOR r1, r4} , {XOR r0, r1 ; XOR r1, r2 ; AND r3, r0} , {XOR r3, r2 ; NOT r2 ; OR r4, r3} , {NOT r1 ; AND r3, r0 ; AND r0, r3}
[   0.            0.83007503    1.          240.            0.            2.
    2.            0.           13.        ]
{XOR r0, r1 ; AND r1, r3 ; MOV r4, r0} , {NOT r2 ; NOT r4 ; NOT r3} , {XOR r2, r1 ; OR r0, r4 ; XOR r1, r4} , {XOR r0, r1 ; XOR r1, r3 ; NOT r3} , {XOR r3, r2 ; XOR r2, r3 ; OR r4, r0} , {AND r1, r1 ; NOP ; AND r0, r3}
[   0.            0.83007503    2.          220.            0.            1.
    2.            0.           14.        ]
{OR r0, r3 ; XOR r3, r2 ; NOT r4} , {XOR r4, r1 ; XOR r0, r3 ; OR r2, r1} , {OR r4, r3 ; OR r3, r3 ; NOT r1} , {XOR r1, r2 ; AND r4, r2 ; XOR r0, r4} , {OR r0, r0 ; AND r3, r3 ; XOR r2, r0} , {NOT r1 ; OR r4, r1 ; XOR r3, r3}
[   0.            0.83007503    1.          231.            0.            2.
    2.            0.           15.        ]
{XOR r2, r3 ; XOR r1, r2 ; NOT r4} , {AND r4, r1 ; XOR r0, r3 ; OR r2, r1} , {OR r4, r3 ; OR r3, r3 ; NOT r0} , {XOR r1, r2 ; AND r2, r2 ; XOR r0, r4} , {OR r0, r2 ; AND r3, r1 ; XOR r2, r0} , {NOT r1 ; OR r4, r1 ; XOR r3, r3}
[  0.00000000e+00  -0.00000000e+00   1.92645073e-01   2.31000000e+02
   0.00000000e+00   2.00000000e+00   3.00000000e+00   0.00000000e+00
   1.60000000e+01]
{XOR r2, r3 ; XOR r1, r2 ; NOT r4} , {AND r4, r1 ; XOR r0, r3 ; OR r2, r1} , {OR r2, r3 ; NOT r3 ; NOT r0} , {XOR r1, r2 ; AND r2, r2 ; XOR r4, r4} , {OR r0, r2 ; AND r3, r1 ; XOR r2, r0} , {NOT r1 ; OR r4, r1 ; NOT r3}
[   0.            0.83007503    2.          213.75          0.            1.
    2.            0.           17.        ]
{OR r0, r3 ; XOR r3, r2 ; XOR r4, r0} , {XOR r4, r1 ; XOR r0, r3 ; OR r2, r1} , {OR r4, r3 ; OR r3, r0 ; NOT r1} , {XOR r1, r3 ; AND r4, r2 ; XOR r0, r3} , {XOR r0, r2 ; AND r1, r4 ; OR r2, r0} , {NOP ; OR r4, r1 ; XOR r0, r3}
[  0.00000000e+00  -0.00000000e+00   1.92645073e-01   2.31000000e+02
   0.00000000e+00   2.00000000e+00   3.00000000e+00   0.00000000e+00
   1.80000000e+01]
{XOR r2, r3 ; XOR r1, r2 ; NOT r4} , {AND r4, r1 ; XOR r0, r3 ; OR r2, r1} , {OR r2, r3 ; NOT r3 ; NOT r0} , {XOR r1, r2 ; AND r2, r2 ; XOR r4, r4} , {OR r0, r2 ; AND r3, r1 ; XOR r2, r0} , {NOT r1 ; OR r4, r1 ; XOR r3, r3}
[   0.            0.83007503    1.41503751  233.4375        0.            1.
    3.            0.           21.        ]
{OR r4, r3 ; XOR r1, r4 ; XOR r2, r4} , {XOR r0, r3 ; OR r4, r0 ; OR r1, r1} , {AND r0, r1 ; AND r4, r2 ; NOT r3} , {AND r2, r4 ; OR r1, r1 ; AND r4, r2} , {XOR r4, r3 ; OR r0, r3 ; OR r2, r0} , {AND r1, r4 ; OR r4, r0 ; NOP}
[   0.            0.83007503    1.41503751  233.4375        0.            1.
    3.            0.           22.        ]
{OR r4, r3 ; XOR r1, r4 ; XOR r2, r4} , {XOR r2, r3 ; OR r4, r0 ; OR r1, r1} , {AND r0, r1 ; AND r4, r2 ; NOT r3} , {AND r2, r4 ; OR r1, r1 ; AND r4, r4} , {XOR r4, r3 ; OR r0, r3 ; OR r2, r0} , {AND r1, r4 ; OR r4, r0 ; NOP}
[   0.            0.83007503    1.41503751  225.75          0.            1.
    3.            0.           23.        ]
{OR r4, r3 ; XOR r1, r4 ; XOR r2, r4} , {XOR r2, r3 ; OR r4, r0 ; OR r1, r1} , {AND r0, r1 ; AND r4, r2 ; NOT r3} , {AND r2, r4 ; AND r1, r2 ; NOT r4} , {XOR r4, r3 ; OR r0, r3 ; OR r2, r0} , {AND r1, r3 ; OR r4, r0 ; NOP}
[   0.            0.83007503    1.41503751  228.4375        0.            1.
    3.            0.           24.        ]
{OR r4, r3 ; XOR r1, r4 ; XOR r2, r4} , {XOR r2, r3 ; OR r4, r0 ; OR r1, r1} , {AND r0, r1 ; AND r4, r2 ; NOT r3} , {AND r2, r4 ; OR r1, r1 ; AND r4, r2} , {XOR r4, r3 ; OR r0, r3 ; XOR r2, r0} , {AND r1, r4 ; OR r4, r0 ; NOP}
[   0.            0.83007503    1.          192.            0.            1.
    4.            0.           25.        ]
{OR r3, r1 ; OR r0, r3 ; MOV r4, r2} , {XOR r1, r4 ; OR r3, r3 ; XOR r0, r3} , {AND r1, r4 ; XOR r4, r3 ; OR r2, r0} , {AND r2, r4 ; AND r1, r2 ; NOT r4} , {XOR r4, r3 ; OR r0, r3 ; OR r1, r0} , {NOT r1 ; OR r4, r3 ; XOR r0, r1}
[   0.            2.            1.41503751  235.75          0.            1.
    2.            0.           27.        ]
{OR r4, r3 ; XOR r1, r4 ; XOR r2, r4} , {XOR r2, r3 ; OR r4, r0 ; OR r3, r1} , {AND r0, r1 ; AND r4, r2 ; NOT r3} , {AND r2, r4 ; OR r1, r1 ; NOT r4} , {XOR r4, r3 ; OR r0, r3 ; OR r2, r0} , {AND r1, r4 ; OR r4, r0 ; NOP}

Exited with status: 0
